frames,interpolated,measurement_x,measurement_y,objid,position_x,position_y,pixel_width,pixel_height,manual_tracker_fix
2,,312.0,95.0,174,311.666666667,95.1666666667,543,218,False
3,,314.0,93.0,174,313.913043478,93.0807453416,543,218,False
4,,296.0,85.0,174,296.395395529,85.1654397002,543,218,False
5,,296.0,84.0,174,295.839013507,83.9402554787,543,218,False
6,,298.0,75.0,174,297.889326087,75.115182984,543,218,False
7,,300.0,73.0,174,299.956321832,72.9245861758,543,218,False
8,,301.0,71.0,174,301.001441948,70.9662280939,543,218,False
9,,302.0,69.0,174,302.001385509,68.9871416266,543,218,False
10,,303.0,68.0,174,303.000556985,67.9773581588,543,218,False
11,,305.0,66.0,174,304.982373208,66.0085431884,543,218,False
12,,306.0,65.0,174,306.010413086,64.9861605316,543,218,False
13,,307.0,64.0,174,307.004693833,63.9940271497,543,218,False
14,,308.0,63.0,174,308.001788356,62.9977348411,543,218,False
15,,308.0,61.0,174,308.018504737,61.0169902025,543,218,False
16,,309.0,61.0,174,308.98991432,60.9715133237,543,218,False
17,,310.0,60.0,174,309.995428205,60.0055526311,543,218,False
18,,309.0,59.0,174,309.033929785,59.0028433701,543,218,False
19,,310.0,59.0,174,309.978678753,58.9832604713,543,218,False
20,,310.0,59.0,174,310.008264059,58.9929091339,543,218,False
21,,310.0,58.0,174,310.003855912,58.0151526907,543,218,False
22,,311.0,58.0,174,310.983637954,57.9886629211,543,218,False
23,,311.0,59.0,174,311.01088616,58.9771253639,543,218,False
24,,311.0,58.0,174,311.004870236,58.0262544715,543,218,False
25,,311.0,57.0,174,311.001854108,57.0114498539,543,218,False
26,,313.0,59.0,174,312.965020261,58.9508382038,543,218,False
27,,314.0,60.0,174,314.003091813,59.9969561065,543,218,False
28,,323.0,65.0,174,322.859233614,64.9282513839,543,218,False
29,,336.0,72.0,174,335.869397364,71.9342062903,543,218,False
30,,352.0,81.0,174,351.894074166,80.9379361878,543,218,False
31,,367.0,89.0,174,366.975616525,88.9929076416,543,218,False
32,,384.0,96.0,174,383.955961704,96.0159604818,543,218,False
33,,401.0,103.0,174,400.981913707,103.006839008,543,218,False
34,,421.0,109.0,174,420.939669938,109.020427936,543,218,False
35,,439.0,115.0,174,439.010622208,115.008469403,543,218,False
36,,456.0,120.0,174,456.023379781,120.021033949,543,218,False
37,,476.0,125.0,174,475.956134401,125.008695194,543,218,False
38,,494.0,130.0,174,494.016807072,130.003281773,543,218,False
39,1.0,509.0,133.5,174,509.008403536,133.501640887,543,218,False
40,,524.0,137.0,174,524.0,137.0,543,218,False
41,,527.0,142.0,174,526.5,141.166666667,543,218,False
42,,531.0,148.0,174,530.832298137,147.745341615,543,218,False
43,,530.0,147.0,174,530.036005889,147.043501539,543,218,False
44,,529.0,147.0,174,529.018399581,147.004808981,543,218,False
45,,527.0,145.0,174,527.025012396,145.037069133,543,218,False
46,,527.0,144.0,174,526.974498556,143.997659214,543,218,False
47,,525.0,144.0,174,525.0245041,143.9805165,543,218,False
48,,523.0,143.0,174,523.010760578,143.009684081,543,218,False
49,,523.0,143.0,174,522.968415807,142.986583998,543,218,False
50,,522.0,142.0,174,522.004361024,142.012021229,543,218,False
51,,522.0,142.0,174,521.984561136,141.987458738,543,218,False
52,,521.0,142.0,174,521.011265413,141.994511101,543,218,False
53,,520.0,141.0,174,520.005013272,141.015751549,543,218,False
54,,520.0,141.0,174,519.984071173,140.98888621,543,218,False
55,,522.0,141.0,174,521.957538733,140.995044919,543,218,False
56,,525.0,141.0,174,524.964589831,140.998114269,543,218,False
57,,524.0,141.0,174,524.057210193,140.999295298,543,218,False
58,,523.0,140.0,174,523.024692503,140.017573585,543,218,False
59,,525.0,140.0,174,524.955855534,139.989567172,543,218,False
60,,525.0,140.0,174,525.016666375,139.995298813,543,218,False
61,,525.0,139.0,174,525.007796759,139.016045231,543,218,False
62,,526.0,139.0,174,525.985145492,138.988995674,543,218,False
63,,526.0,138.0,174,526.011449895,138.012922045,543,218,False
64,,525.0,138.0,174,525.022916765,137.987794579,543,218,False
65,,525.0,137.0,174,524.991597562,137.012472607,543,218,False
66,,526.0,137.0,174,525.978221104,136.987626982,543,218,False
67,,526.0,137.0,174,526.008826637,136.994573809,543,218,False
68,,526.0,138.0,174,526.004100678,137.980102266,543,218,False
69,,526.0,138.0,174,526.001567189,138.009564712,543,218,False
70,,526.0,137.0,174,526.000585972,137.022213865,543,218,False
71,1.0,526.5,138.0,174,526.500292986,138.011106933,543,218,False
72,,527.0,139.0,174,527.0,139.0,543,218,False
73,,526.0,137.0,174,526.166666667,137.333333333,543,218,False
74,,526.0,137.0,174,526.00621118,137.01242236,543,218,False
75,,526.0,138.0,174,525.999464596,137.9773792,543,218,False
76,,526.0,138.0,174,525.999658083,138.008525795,543,218,False
77,,526.0,138.0,174,525.999865659,138.003994135,543,218,False
78,,526.0,138.0,174,525.999949596,138.00152784,543,218,False
79,,526.0,138.0,174,525.999981198,138.000571328,543,218,False
80,,526.0,138.0,174,525.999992991,138.000213033,543,218,False
81,,526.0,138.0,174,525.999997388,138.000079405,543,218,False
82,,526.0,138.0,174,525.999999026,138.000029596,543,218,False
83,,526.0,138.0,174,525.999999637,138.000011031,543,218,False
84,,526.0,138.0,174,525.999999865,138.000004111,543,218,False
85,,526.0,138.0,174,525.99999995,138.000001532,543,218,False
86,,525.0,138.0,174,525.017836309,138.000000571,543,218,False
87,,525.0,138.0,174,524.989665097,138.000000213,543,218,False
88,,526.0,138.0,174,525.977498984,138.000000079,543,218,False
89,,526.0,138.0,174,526.008557402,138.00000003,543,218,False
90,,525.0,137.0,174,525.021836653,137.017836339,543,218,False
91,,525.0,137.0,174,524.991194891,136.989665108,543,218,False
92,,526.0,137.0,174,525.978071018,136.995335315,543,218,False
93,,525.0,137.0,174,525.026607025,136.998222508,543,218,False
94,,525.0,137.0,174,524.993744933,136.99933564,543,218,False
95,,526.0,138.0,174,525.979058404,137.981915966,543,218,False
96,,525.0,137.0,174,525.026976807,137.028078895,543,218,False
97,,527.0,138.0,174,526.958210186,137.976459051,543,218,False
98,,526.0,138.0,174,526.035452255,138.007434876,543,218,False
99,,525.0,137.0,174,525.015655547,137.021383101,543,218,False
100,,526.0,138.0,174,525.970279267,137.973187834,543,218,False
101,,526.0,137.0,174,526.005057429,137.024014855,543,218,False
102,,526.0,137.0,174,526.002657114,136.992741841,543,218,False
103,,527.0,138.0,174,526.98319097,137.978682768,543,218,False
104,,526.0,137.0,174,526.028555881,137.026836717,543,218,False
105,,525.0,138.0,174,525.012309571,137.975994295,543,218,False
106,,527.0,139.0,174,526.951158727,138.989425242,543,218,False
107,,526.0,138.0,174,526.03274823,138.031653398,543,218,False
108,,525.0,138.0,174,525.014644086,137.995664771,543,218,False
109,,526.0,139.0,174,525.969902106,138.979775823,543,218,False
110,,526.0,138.0,174,526.004916847,138.027244289,543,218,False
111,,526.0,138.0,174,526.002604716,137.99398254,543,218,False
112,,526.0,138.0,174,526.001007768,137.996983296,543,218,False
113,,526.0,138.0,174,526.000377379,137.998838593,543,218,False
114,,526.0,138.0,174,526.00014074,137.999565353,543,218,False
115,,526.0,138.0,174,526.00005246,137.999837916,543,218,False
116,,526.0,138.0,174,526.000019553,137.999939585,543,218,False
117,,526.0,138.0,174,526.000007288,137.999977482,543,218,False
118,,525.0,138.0,174,525.017839044,137.999991607,543,218,False
119,,526.0,138.0,174,525.971829789,137.999996872,543,218,False
120,,526.0,138.0,174,526.005670587,137.999998834,543,218,False
121,,526.0,138.0,174,526.002887334,137.999999565,543,218,False
122,,526.0,138.0,174,526.001113185,137.999999838,543,218,False
123,,526.0,139.0,174,526.000416673,138.982163612,543,218,False
124,,526.0,139.0,174,526.000155385,139.010334873,543,218,False
125,,526.0,138.0,174,526.000057919,138.022501005,543,218,False
126,,526.0,138.0,174,526.000021587,137.991442594,543,218,False
127,,526.0,138.0,174,526.000008046,137.995999673,543,218,False
128,,527.0,139.0,174,526.982166671,138.980633886,543,218,False
129,,526.0,138.0,174,526.028172341,138.027599191,543,218,False
130,,526.0,138.0,174,525.994330207,137.994116497,543,218,False
131,,525.0,138.0,174,525.014949289,137.997033304,543,218,False
132,,526.0,139.0,174,525.970715702,138.981020908,543,218,False
133,1.0,526.0,138.973684211,174,525.971486342,138.955204568,543,218,False
134,1.0,526.0,138.947368421,174,525.972256981,138.929388229,543,218,False
135,1.0,526.0,138.921052632,174,525.97302762,138.903571889,543,218,False
136,1.0,526.0,138.894736842,174,525.97379826,138.877755549,543,218,False
137,1.0,526.0,138.868421053,174,525.974568899,138.85193921,543,218,False
138,1.0,526.0,138.842105263,174,525.975339539,138.82612287,543,218,False
139,1.0,526.0,138.815789474,174,525.976110178,138.80030653,543,218,False
140,1.0,526.0,138.789473684,174,525.976880817,138.77449019,543,218,False
141,1.0,526.0,138.763157895,174,525.977651457,138.748673851,543,218,False
142,1.0,526.0,138.736842105,174,525.978422096,138.722857511,543,218,False
143,1.0,526.0,138.710526316,174,525.979192736,138.697041171,543,218,False
144,1.0,526.0,138.684210526,174,525.979963375,138.671224832,543,218,False
145,1.0,526.0,138.657894737,174,525.980734015,138.645408492,543,218,False
146,1.0,526.0,138.631578947,174,525.981504654,138.619592152,543,218,False
147,1.0,526.0,138.605263158,174,525.982275293,138.593775813,543,218,False
148,1.0,526.0,138.578947368,174,525.983045933,138.567959473,543,218,False
149,1.0,526.0,138.552631579,174,525.983816572,138.542143133,543,218,False
150,1.0,526.0,138.526315789,174,525.984587212,138.516326794,543,218,False
151,1.0,526.0,138.5,174,525.985357851,138.490510454,543,218,False
152,1.0,526.0,138.473684211,174,525.98612849,138.464694114,543,218,False
153,1.0,526.0,138.447368421,174,525.98689913,138.438877775,543,218,False
154,1.0,526.0,138.421052632,174,525.987669769,138.413061435,543,218,False
155,1.0,526.0,138.394736842,174,525.988440409,138.387245095,543,218,False
156,1.0,526.0,138.368421053,174,525.989211048,138.361428756,543,218,False
157,1.0,526.0,138.342105263,174,525.989981688,138.335612416,543,218,False
158,1.0,526.0,138.315789474,174,525.990752327,138.309796076,543,218,False
159,1.0,526.0,138.289473684,174,525.991522966,138.283979737,543,218,False
160,1.0,526.0,138.263157895,174,525.992293606,138.258163397,543,218,False
161,1.0,526.0,138.236842105,174,525.993064245,138.232347057,543,218,False
162,1.0,526.0,138.210526316,174,525.993834885,138.206530717,543,218,False
163,1.0,526.0,138.184210526,174,525.994605524,138.180714378,543,218,False
164,1.0,526.0,138.157894737,174,525.995376163,138.154898038,543,218,False
165,1.0,526.0,138.131578947,174,525.996146803,138.129081698,543,218,False
166,1.0,526.0,138.105263158,174,525.996917442,138.103265359,543,218,False
167,1.0,526.0,138.078947368,174,525.997688082,138.077449019,543,218,False
168,1.0,526.0,138.052631579,174,525.998458721,138.051632679,543,218,False
169,1.0,526.0,138.026315789,174,525.999229361,138.02581634,543,218,False
170,,526.0,138.0,174,526.0,138.0,543,218,False
171,,526.0,138.0,174,526.0,138.0,543,218,False
172,,526.0,138.0,174,526.0,138.0,543,218,False
173,,526.0,138.0,174,526.0,138.0,543,218,False
174,,526.0,138.0,174,526.0,138.0,543,218,False
175,,526.0,139.0,174,526.0,138.98208801,543,218,False
176,,526.0,138.0,174,526.0,138.028159618,543,218,False
177,,526.0,138.0,174,526.0,137.994325,543,218,False
178,,526.0,138.0,174,526.0,137.997110988,543,218,False
179,,525.0,138.0,174,525.017836356,137.998886188,543,218,False
180,,525.0,138.0,174,524.989665113,137.999583093,543,218,False
181,,526.0,138.0,174,525.977498989,137.999844528,543,218,False
182,,526.0,138.0,174,526.008557404,137.999942049,543,218,False
183,,526.0,139.0,174,526.004000327,138.982142073,543,218,False
184,,526.0,138.0,174,526.001529786,138.028163173,543,218,False
185,,526.0,138.0,174,526.000572032,137.99432679,543,218,False
186,,526.0,138.0,174,526.000213294,137.997111688,543,218,False
187,,526.0,138.0,174,526.000079502,137.998886451,543,218,False
188,,526.0,138.0,174,526.000029632,137.999583191,543,218,False
189,,526.0,138.0,174,526.000011044,137.999844564,543,218,False
190,,527.0,139.0,174,526.982167789,138.982105735,543,218,False
191,,526.0,138.0,174,526.028172757,138.028149629,543,218,False
192,,527.0,139.0,174,526.976494035,138.976485414,543,218,False
193,,526.0,138.0,174,526.025284243,138.02528103,543,218,False
194,,527.0,139.0,174,526.97538041,138.975379212,543,218,False
195,,526.0,139.0,174,526.024867405,139.007030632,543,218,False
196,,526.0,138.0,174,525.993061291,138.021232348,543,218,False
197,,527.0,139.0,174,526.978801913,138.973131642,543,218,False
198,,526.0,139.0,174,526.026881128,139.006157584,543,218,False
199,,526.0,139.0,174,525.993847176,139.00306893,543,218,False
200,,525.0,138.0,174,525.014769171,138.0190172,543,218,False
201,,526.0,138.0,174,525.970648565,137.990107006,543,218,False
202,,526.0,138.0,174,526.005228554,137.995500102,543,218,False
203,,526.0,139.0,174,526.002722497,138.980447603,543,218,False
204,,526.0,139.0,174,526.001051744,139.009693429,543,218,False
205,,526.0,138.0,174,526.000393773,138.02226184,543,218,False
206,,526.0,138.0,174,526.00014685,137.991353449,543,218,False
207,,526.0,139.0,174,526.000054737,138.978130119,543,218,False
208,,527.0,139.0,174,526.982184074,139.008792725,543,218,False
209,,525.0,138.0,174,525.046015155,138.021924366,543,218,False
210,,526.0,139.0,174,525.966161401,138.973391255,543,218,False
211,,526.0,139.0,174,526.002784072,139.006254426,543,218,False
212,,526.0,138.0,174,526.001774455,138.020941357,543,218,False
213,,526.0,139.0,174,526.000696626,138.973023104,543,218,False
214,,527.0,139.0,174,526.982425003,139.006117126,543,218,False
215,,526.0,138.0,174,526.028268706,138.020890179,543,218,False
216,,526.0,138.0,174,525.994366128,137.990840357,543,218,False
217,,526.0,139.0,174,525.99712635,138.977938793,543,218,False
218,,527.0,139.0,174,526.981055588,139.008721411,543,218,False
219,,526.0,139.0,174,526.027756451,139.004061458,543,218,False
220,,526.0,139.0,174,525.994175114,139.001552571,543,218,False
221,,526.0,139.0,174,525.997055152,139.000580524,543,218,False
222,,526.0,139.0,174,525.998865379,139.000216459,543,218,False
223,,526.0,139.0,174,525.999575337,139.000080682,543,218,False
224,,526.0,138.0,174,525.999841637,138.017866399,543,218,False
225,,526.0,139.0,174,525.999940972,138.971839985,543,218,False
226,,526.0,139.0,174,525.999977999,139.005674387,543,218,False
227,,525.0,138.0,174,525.017828127,138.020725078,543,218,False
228,,526.0,138.0,174,525.97182572,137.990778817,543,218,False
229,,526.0,139.0,174,526.00566907,138.977915856,543,218,False
230,,526.0,138.0,174,526.002886769,138.026549189,543,218,False
231,,526.0,138.0,174,526.001112974,137.993723376,543,218,False
232,,526.0,139.0,174,526.000416595,138.97905037,543,218,False
233,,526.0,138.0,174,526.000155356,138.026973812,543,218,False
234,,526.0,138.0,174,526.000057908,137.993881725,543,218,False
235,,527.0,139.0,174,526.982185256,138.979109393,543,218,False
236,,526.0,139.0,174,526.028179268,139.009159484,543,218,False
237,,526.0,139.0,174,525.994332789,139.00422482,543,218,False
238,,527.0,139.0,174,526.979277596,139.001613463,543,218,False
239,,526.0,139.0,174,526.027058507,139.000603219,543,218,False
240,,526.0,139.0,174,525.993913292,139.000224918,543,218,False
241,,527.0,139.0,174,526.979121159,139.000083835,543,218,False
242,,526.0,138.0,174,526.027000196,138.017867574,543,218,False
243,,527.0,139.0,174,526.976055231,138.971840423,543,218,False
244,,526.0,139.0,174,526.025120609,139.00567455,543,218,False
245,,526.0,139.0,174,525.993155744,139.002888811,543,218,False
246,,526.0,139.0,174,525.996673449,139.001113736,543,218,False
247,,526.0,139.0,174,525.998723027,139.000416878,543,218,False
248,,527.0,139.0,174,526.981685949,139.000155462,543,218,False
249,,526.0,138.0,174,526.027993083,138.017894275,543,218,False
250,,526.0,139.0,174,525.994263391,138.971850375,543,218,False
251,,527.0,139.0,174,526.97925173,139.005678259,543,218,False
252,,526.0,139.0,174,526.027048867,139.002890194,543,218,False
253,,526.0,139.0,174,525.993909699,139.001114251,543,218,False
254,,526.0,138.0,174,525.996956147,138.018253398,543,218,False
255,,527.0,139.0,174,526.980992146,138.97198431,543,218,False
256,,527.0,139.0,174,527.009896478,139.005728183,543,218,False
257,,526.0,138.0,174,526.022337524,138.020745129,543,218,False
258,,526.0,138.0,174,525.991381658,137.990786291,543,218,False
259,,526.0,138.0,174,525.995976961,137.995754969,543,218,False
260,,526.0,139.0,174,525.998461748,138.980542677,543,218,False
261,,526.0,139.0,174,525.999424813,139.009728869,543,218,False
262,,527.0,139.0,174,526.981949203,139.004438722,543,218,False
263,,527.0,139.0,174,527.010254955,139.001693268,543,218,False
264,,526.0,139.0,174,526.022471218,139.000632968,543,218,False
265,,525.0,138.0,174,525.009267819,138.018072333,543,218,False
266,,526.0,139.0,174,525.967824312,138.971916744,543,218,False
267,,526.0,139.0,174,526.004138881,139.005702996,543,218,False
268,,526.0,138.0,174,526.002314587,138.020735741,543,218,False
269,,526.0,139.0,174,526.000899624,138.972946464,543,218,False
270,,526.0,138.0,174,526.000337072,138.023924888,543,218,False
271,,526.0,139.0,174,526.000125716,138.974871981,543,218,False
272,,526.0,139.0,174,526.00004686,139.006841494,543,218,False
273,,526.0,138.0,174,526.000017466,138.021161849,543,218,False
274,,527.0,139.0,174,526.982170182,138.973105366,543,218,False
275,,526.0,139.0,174,526.02817365,139.00614779,543,218,False
276,,526.0,138.0,174,525.994330695,138.020901608,543,218,False
277,,526.0,138.0,174,525.997113143,137.990844617,543,218,False
278,,526.0,139.0,174,525.998886993,138.977940381,543,218,False
279,,525.0,138.0,174,525.017419721,138.02655833,543,218,False
280,,526.0,139.0,174,525.971673416,138.975890456,543,218,False
281,,526.0,139.0,174,526.0056123,139.007222863,543,218,False
282,,526.0,139.0,174,526.00286561,139.003467748,543,218,False
283,,525.0,138.0,174,525.018941415,138.019165931,543,218,False
284,,527.0,139.0,174,526.954406105,138.972326117,543,218,False
285,,526.0,139.0,174,526.033995693,139.005855661,543,218,False
286,,526.0,139.0,174,525.997274483,139.002956318,543,218,False
287,,526.0,139.0,174,525.99824737,139.001138897,543,218,False
288,,526.0,139.0,174,525.999311509,139.000426256,543,218,False
289,,526.0,139.0,174,525.999741701,139.000158957,543,218,False
290,,526.0,139.0,174,525.999903647,139.00005925,543,218,False
291,,526.0,138.0,174,525.999964084,138.017858411,543,218,False
292,,526.0,139.0,174,525.999986613,138.971837008,543,218,False
293,,526.0,139.0,174,525.999995011,139.005673277,543,218,False
294,,526.0,138.0,174,525.99999814,138.020724665,543,218,False
295,,527.0,139.0,174,526.982162979,138.972942335,543,218,False
296,,526.0,138.0,174,526.028170965,138.02392335,543,218,False
297,,526.0,138.0,174,525.994329694,137.992707735,543,218,False
298,,526.0,138.0,174,525.99711277,137.996506384,543,218,False
299,,527.0,139.0,174,526.981050526,138.980824428,543,218,False
300,,525.0,139.0,174,525.045590892,139.009833962,543,218,False
301,,526.0,139.0,174,525.966003187,139.004477896,543,218,False
302,,527.0,139.0,174,526.984888772,139.001707869,543,218,False
303,,529.0,128.0,174,528.976414715,128.196838013,543,218,False
304,,529.0,119.0,174,529.026022911,119.047081131,543,218,False
305,,528.0,113.0,174,528.029201469,112.962781081,543,218,False
306,,528.0,105.0,174,527.993980794,105.019179724,543,218,False
307,,527.0,96.0,174,527.01478398,96.0265666012,543,218,False
308,,525.0,87.0,174,525.024161393,87.0108310311,543,218,False
309,,522.0,80.0,174,522.027734203,79.9684087056,543,218,False
310,,516.0,72.0,174,516.064742218,72.0043567775,543,218,False
311,,511.0,68.0,174,511.008897659,67.9310504941,543,218,False
312,,504.0,67.0,174,504.038259984,66.9174151849,543,218,False
313,,495.0,67.0,174,495.051604972,66.9486607472,543,218,False
314,,490.0,70.0,174,489.949675797,69.9263722554,543,218,False
315,,482.0,74.0,174,482.031423668,73.9521137239,543,218,False
316,,477.0,80.0,174,476.960604482,79.9455010416,543,218,False
317,,474.0,88.0,174,473.947198272,87.9422608097,543,218,False
318,,473.0,97.0,174,472.942823171,96.9588523376,543,218,False
319,,474.0,107.0,174,473.94122225,106.965888037,543,218,False
320,,477.0,115.0,174,476.940626986,115.022060096,543,218,False
321,,481.0,122.0,174,480.958241517,122.027722584,543,218,False
322,,489.0,129.0,174,488.912151303,129.011265828,543,218,False
323,,499.0,132.0,174,498.928125599,132.075588915,543,218,False
324,,509.0,131.0,174,508.97133865,131.102934832,543,218,False
325,,517.0,125.0,174,517.024900514,125.131124756,543,218,False
326,,523.0,114.0,174,523.046656288,114.142492854,543,218,False
327,,522.0,106.0,174,522.144032415,106.004080514,543,218,False
328,,519.0,94.0,174,519.095416253,94.0705199047,543,218,False
329,,513.0,88.0,174,513.091069228,87.9225678397,543,218,False
330,,505.0,83.0,174,505.072271804,82.9483401793,543,218,False
331,,495.0,82.0,174,495.064443698,81.908309202,543,218,False
332,,485.0,84.0,174,485.02581405,83.9088500003,543,218,False
333,,476.0,89.0,174,475.99187086,88.9097914497,543,218,False
334,,471.0,97.0,174,470.924775386,96.9101777496,543,218,False
335,,468.0,108.0,174,467.93283509,107.910323424,543,218,False
336,,471.0,116.0,174,470.86607619,116.017395766,543,218,False
337,,477.0,125.0,174,476.891364598,124.991079318,543,218,False
338,,485.0,130.0,174,484.921027216,130.067283259,543,218,False
339,,497.0,133.0,174,496.897378728,133.064129116,543,218,False
340,,507.0,129.0,174,506.993921767,129.150625017,543,218,False
341,,514.0,122.0,174,514.052783044,122.115713583,543,218,False
342,,517.0,111.0,174,517.093652711,111.117324425,543,218,False
343,,515.0,102.0,174,515.127627743,102.011606623,543,218,False
344,,509.0,92.0,174,509.123351345,92.0206250932,543,218,False
345,,499.0,87.0,174,499.120946828,86.9192856468,543,218,False
346,,488.0,86.0,174,488.066502852,85.8943407434,543,218,False
347,,478.0,90.0,174,478.007975558,89.8678208506,543,218,False
348,,471.0,97.0,174,470.948659135,96.8927849486,543,218,False
349,,466.0,108.0,174,465.94259264,107.8859208,543,218,False
350,,468.0,117.0,174,467.851917601,116.98960664,543,218,False
351,,473.0,126.0,174,472.885235876,125.997663614,543,218,False
352,,482.0,132.0,174,481.883029539,132.052711747,543,218,False
353,,494.0,133.0,174,493.89934367,133.111392313,543,218,False
354,,504.0,128.0,174,503.995425903,128.152926095,543,218,False
355,,512.0,119.0,174,512.035544264,119.133674674,543,218,False
356,,514.0,108.0,174,514.122048417,108.08916463,543,218,False
357,,512.0,98.0,174,512.122041287,98.0172794141,543,218,False
358,,503.0,89.0,174,503.174004354,88.9878405135,543,218,False
359,,493.0,88.0,174,493.088840645,87.8518872574,543,218,False
360,,483.0,93.0,174,483.03426015,92.8309070751,543,218,False
361,,477.0,102.0,174,476.941478905,101.860180993,543,218,False
362,,477.0,113.0,174,476.867758717,112.908539602,543,218,False
363,,485.0,120.0,174,484.802736407,120.035373629,543,218,False
364,,495.0,125.0,174,494.88372281,125.052181075,543,218,False
365,,506.0,122.0,174,505.936779382,122.164005502,543,218,False
366,,513.0,115.0,174,513.046830546,115.139390456,543,218,False
367,,515.0,104.0,174,515.110004805,104.127043559,543,218,False
368,,510.0,93.0,174,510.170283776,93.0509445503,543,218,False
369,,500.0,86.0,174,500.158835877,85.9478144705,543,218,False
370,,488.0,86.0,174,488.099437091,85.8522893525,543,218,False
371,,478.0,91.0,174,478.003314596,90.8496264296,543,218,False
372,,473.0,101.0,174,472.910438791,100.8502103,543,218,False
373,,474.0,110.0,174,473.855256118,109.957521321,543,218,False
374,,479.0,119.0,174,478.869377136,118.984806422,543,218,False
375,,489.0,123.0,174,488.858463947,123.083549332,543,218,False
376,,500.0,121.0,174,499.924967626,121.142427342,543,218,False
377,,508.0,112.0,174,508.024477068,112.183264808,543,218,False
378,,509.0,100.0,174,509.136486926,100.128044361,543,218,False
379,,503.0,89.0,174,503.181820078,89.0327465734,543,218,False
380,,493.0,84.0,174,493.145379033,83.9044704337,543,218,False
381,,481.0,85.0,174,481.093571775,84.852221045,543,218,False
382,,474.0,93.0,174,473.947578856,92.8146981447,543,218,False
383,,473.0,104.0,174,472.869266274,103.87119437,543,218,False
384,,478.0,114.0,174,477.838934296,113.966969593,543,218,False
385,,486.0,119.0,174,485.881083354,119.077587445,543,218,False
386,,499.0,120.0,174,498.863678358,120.104565437,543,218,False
387,,506.0,116.0,174,506.05180615,116.131774894,543,218,False
388,,511.0,105.0,174,511.059892268,105.178409854,543,218,False
389,,509.0,93.0,174,509.149119178,93.0905198563,543,218,False
390,,499.0,86.0,174,499.20433748,85.9457061603,543,218,False
391,,488.0,86.0,174,488.101114891,85.8506967815,543,218,False
392,,479.0,94.0,174,479.003208648,93.7954852631,543,218,False
393,,477.0,104.0,174,476.874691651,103.880977515,543,218,False
394,,480.0,113.0,174,479.858060145,112.971426782,543,218,False
395,,488.0,121.0,174,487.853357697,121.007942201,543,218,False
396,,499.0,124.0,174,498.887349286,124.093031534,543,218,False
397,,510.0,122.0,174,509.955238001,122.128166291,543,218,False
398,,518.0,114.0,174,518.036692685,114.159261577,543,218,False
399,,521.0,103.0,174,521.105411886,103.118203677,543,218,False
400,,517.0,93.0,174,517.168532953,93.0290360019,543,218,False
401,,508.0,86.0,174,508.158181453,85.9565943815,543,218,False
402,,496.0,85.0,174,496.117029416,84.8742090191,543,218,False
403,,487.0,90.0,174,486.992888753,89.8408522643,543,218,False
404,,479.0,98.0,174,478.977085517,97.8818018346,543,218,False
405,,476.0,109.0,174,475.901308047,108.899618975,543,218,False
406,,476.0,118.0,174,475.90539281,117.995563586,543,218,False
407,,480.0,129.0,174,479.890626005,128.964251949,543,218,False
408,,485.0,137.0,174,484.937851649,137.038553539,543,218,False
409,,494.0,144.0,174,493.904467761,144.03468842,543,218,False
410,,504.0,148.0,174,503.943094136,148.067410253,543,218,False
411,,513.0,149.0,174,512.995607348,149.081241028,543,218,False
412,,523.0,146.0,174,522.981331245,146.104310533,543,218,False
413,,524.0,145.0,174,524.152753771,145.006748229,543,218,False
414,,522.0,144.0,174,522.118085684,144.000977589,543,218,False
415,,523.0,144.0,174,522.993429798,143.982454454,543,218,False
416,,522.0,144.0,174,522.030803207,143.992603425,543,218,False
417,,521.0,144.0,174,521.013072107,143.997202168,543,218,False
418,,521.0,143.0,174,520.987111998,143.01679157,543,218,False
419,,521.0,143.0,174,520.994346529,142.989275613,543,218,False
420,1.0,520.5,143.0,174,520.497173264,142.994637807,543,218,False
421,,520.0,143.0,174,520.0,143.0,543,218,False
422,,519.0,143.0,174,519.166666667,143.0,543,218,False
423,,520.0,143.0,174,519.968944099,143.0,543,218,False
424,,520.0,143.0,174,520.002677018,143.0,543,218,False
425,,519.0,142.0,174,519.020087029,142.018377442,543,218,False
426,,518.0,142.0,174,518.008407727,141.989824034,543,218,False
427,,518.0,142.0,174,517.985331091,141.995391842,543,218,False
428,,517.0,142.0,174,517.011518413,141.998243433,543,218,False
429,,517.0,142.0,174,516.987269426,141.999343432,543,218,False
430,,516.0,142.0,174,516.012276805,141.999755198,543,218,False
431,,517.0,142.0,174,516.969717665,141.999908754,543,218,False
432,,524.0,141.0,174,523.880027203,141.017802319,543,218,False
433,,524.0,140.0,174,524.074937409,140.007488757,543,218,False
434,,524.0,139.0,174,524.033656332,139.002832022,543,218,False
435,,524.0,139.0,174,524.01281825,138.983221165,543,218,False
436,,524.0,138.0,174,524.004790672,138.010729133,543,218,False
437,,524.0,137.0,174,524.001786184,137.004811629,543,218,False
438,,524.0,137.0,174,524.000665768,136.983995933,543,218,False
439,1.0,524.5,136.5,174,524.500332884,136.491997966,543,218,False
440,,525.0,136.0,174,525.0,136.0,543,218,False
441,,524.0,135.0,174,524.166666667,135.166666667,543,218,False
442,,524.0,135.0,174,524.166666667,135.166666667,543,218,False
443,,525.0,134.0,174,524.989816701,134.014256619,543,218,False
444,1.0,525.02173913,133.934782609,174,525.011777207,133.948729301,543,218,False
445,1.0,525.043478261,133.869565217,174,525.033737714,133.883201984,543,218,False
446,1.0,525.065217391,133.804347826,174,525.05569822,133.817674666,543,218,False
447,1.0,525.086956522,133.739130435,174,525.077658727,133.752147348,543,218,False
448,1.0,525.108695652,133.673913043,174,525.099619233,133.68662003,543,218,False
449,1.0,525.130434783,133.608695652,174,525.12157974,133.621092712,543,218,False
450,1.0,525.152173913,133.543478261,174,525.143540246,133.555565394,543,218,False
451,1.0,525.173913043,133.47826087,174,525.165500753,133.490038077,543,218,False
452,1.0,525.195652174,133.413043478,174,525.187461259,133.424510759,543,218,False
453,1.0,525.217391304,133.347826087,174,525.209421766,133.358983441,543,218,False
454,1.0,525.239130435,133.282608696,174,525.231382272,133.293456123,543,218,False
455,1.0,525.260869565,133.217391304,174,525.253342779,133.227928805,543,218,False
456,1.0,525.282608696,133.152173913,174,525.275303285,133.162401488,543,218,False
457,1.0,525.304347826,133.086956522,174,525.297263792,133.09687417,543,218,False
458,1.0,525.326086957,133.02173913,174,525.319224298,133.031346852,543,218,False
459,1.0,525.347826087,132.956521739,174,525.341184805,132.965819534,543,218,False
460,1.0,525.369565217,132.891304348,174,525.363145311,132.900292216,543,218,False
461,1.0,525.391304348,132.826086957,174,525.385105818,132.834764899,543,218,False
462,1.0,525.413043478,132.760869565,174,525.407066324,132.769237581,543,218,False
463,1.0,525.434782609,132.695652174,174,525.429026831,132.703710263,543,218,False
464,1.0,525.456521739,132.630434783,174,525.450987337,132.638182945,543,218,False
465,1.0,525.47826087,132.565217391,174,525.472947844,132.572655627,543,218,False
466,1.0,525.5,132.5,174,525.49490835,132.50712831,543,218,False
467,1.0,525.52173913,132.434782609,174,525.516868857,132.441600992,543,218,False
468,1.0,525.543478261,132.369565217,174,525.538829363,132.376073674,543,218,False
469,1.0,525.565217391,132.304347826,174,525.56078987,132.310546356,543,218,False
470,1.0,525.586956522,132.239130435,174,525.582750376,132.245019038,543,218,False
471,1.0,525.608695652,132.173913043,174,525.604710883,132.179491721,543,218,False
472,1.0,525.630434783,132.108695652,174,525.626671389,132.113964403,543,218,False
473,1.0,525.652173913,132.043478261,174,525.648631896,132.048437085,543,218,False
474,1.0,525.673913043,131.97826087,174,525.670592402,131.982909767,543,218,False
475,1.0,525.695652174,131.913043478,174,525.692552909,131.917382449,543,218,False
476,1.0,525.717391304,131.847826087,174,525.714513415,131.851855131,543,218,False
477,1.0,525.739130435,131.782608696,174,525.736473922,131.786327814,543,218,False
478,1.0,525.760869565,131.717391304,174,525.758434428,131.720800496,543,218,False
479,1.0,525.782608696,131.652173913,174,525.780394935,131.655273178,543,218,False
480,1.0,525.804347826,131.586956522,174,525.802355441,131.58974586,543,218,False
481,1.0,525.826086957,131.52173913,174,525.824315948,131.524218542,543,218,False
482,1.0,525.847826087,131.456521739,174,525.846276454,131.458691225,543,218,False
483,1.0,525.869565217,131.391304348,174,525.868236961,131.393163907,543,218,False
484,1.0,525.891304348,131.326086957,174,525.890197467,131.327636589,543,218,False
485,1.0,525.913043478,131.260869565,174,525.912157974,131.262109271,543,218,False
486,1.0,525.934782609,131.195652174,174,525.93411848,131.196581953,543,218,False
487,1.0,525.956521739,131.130434783,174,525.956078987,131.131054636,543,218,False
488,1.0,525.97826087,131.065217391,174,525.978039493,131.065527318,543,218,False
489,,526.0,131.0,174,526.0,131.0,543,218,False
490,,526.0,132.0,174,526.0,131.833333333,543,218,False
491,,526.0,131.0,174,526.0,131.031055901,543,218,False
492,,526.0,131.0,174,526.0,130.997322982,543,218,False
493,,526.0,132.0,174,526.0,131.979912971,543,218,False
494,1.0,526.5,132.0,174,526.5,131.989956485,543,218,False
495,,527.0,132.0,174,527.0,132.0,543,218,False
496,,526.0,131.0,174,526.166666667,131.166666667,543,218,False
497,,526.0,132.0,174,526.00621118,131.968944099,543,218,False
498,,526.0,132.0,174,525.999464596,132.002677018,543,218,False
499,,526.0,132.0,174,525.999658083,132.001709587,543,218,False
500,1.0,526.010416667,132.010416667,174,526.010078311,132.012108445,543,218,False
501,1.0,526.020833333,132.020833333,174,526.020498539,132.022507304,543,218,False
502,1.0,526.03125,132.03125,174,526.030918768,132.032906162,543,218,False
503,1.0,526.041666667,132.041666667,174,526.041338996,132.043305021,543,218,False
504,1.0,526.052083333,132.052083333,174,526.051759224,132.053703879,543,218,False
505,1.0,526.0625,132.0625,174,526.062179452,132.064102738,543,218,False
506,1.0,526.072916667,132.072916667,174,526.072599681,132.074501596,543,218,False
507,1.0,526.083333333,132.083333333,174,526.083019909,132.084900454,543,218,False
508,1.0,526.09375,132.09375,174,526.093440137,132.095299313,543,218,False
509,1.0,526.104166667,132.104166667,174,526.103860366,132.105698171,543,218,False
510,1.0,526.114583333,132.114583333,174,526.114280594,132.11609703,543,218,False
511,1.0,526.125,132.125,174,526.124700822,132.126495888,543,218,False
512,1.0,526.135416667,132.135416667,174,526.135121051,132.136894747,543,218,False
513,1.0,526.145833333,132.145833333,174,526.145541279,132.147293605,543,218,False
514,1.0,526.15625,132.15625,174,526.155961507,132.157692464,543,218,False
515,1.0,526.166666667,132.166666667,174,526.166381736,132.168091322,543,218,False
516,1.0,526.177083333,132.177083333,174,526.176801964,132.178490181,543,218,False
517,1.0,526.1875,132.1875,174,526.187222192,132.188889039,543,218,False
518,1.0,526.197916667,132.197916667,174,526.19764242,132.199287898,543,218,False
519,1.0,526.208333333,132.208333333,174,526.208062649,132.209686756,543,218,False
520,1.0,526.21875,132.21875,174,526.218482877,132.220085615,543,218,False
521,1.0,526.229166667,132.229166667,174,526.228903105,132.230484473,543,218,False
522,1.0,526.239583333,132.239583333,174,526.239323334,132.240883332,543,218,False
523,1.0,526.25,132.25,174,526.249743562,132.25128219,543,218,False
524,1.0,526.260416667,132.260416667,174,526.26016379,132.261681049,543,218,False
525,1.0,526.270833333,132.270833333,174,526.270584019,132.272079907,543,218,False
526,1.0,526.28125,132.28125,174,526.281004247,132.282478765,543,218,False
527,1.0,526.291666667,132.291666667,174,526.291424475,132.292877624,543,218,False
528,1.0,526.302083333,132.302083333,174,526.301844704,132.303276482,543,218,False
529,1.0,526.3125,132.3125,174,526.312264932,132.313675341,543,218,False
530,1.0,526.322916667,132.322916667,174,526.32268516,132.324074199,543,218,False
531,1.0,526.333333333,132.333333333,174,526.333105388,132.334473058,543,218,False
532,1.0,526.34375,132.34375,174,526.343525617,132.344871916,543,218,False
533,1.0,526.354166667,132.354166667,174,526.353945845,132.355270775,543,218,False
534,1.0,526.364583333,132.364583333,174,526.364366073,132.365669633,543,218,False
535,1.0,526.375,132.375,174,526.374786302,132.376068492,543,218,False
536,1.0,526.385416667,132.385416667,174,526.38520653,132.38646735,543,218,False
537,1.0,526.395833333,132.395833333,174,526.395626758,132.396866209,543,218,False
538,1.0,526.40625,132.40625,174,526.406046987,132.407265067,543,218,False
539,1.0,526.416666667,132.416666667,174,526.416467215,132.417663926,543,218,False
540,1.0,526.427083333,132.427083333,174,526.426887443,132.428062784,543,218,False
541,1.0,526.4375,132.4375,174,526.437307671,132.438461643,543,218,False
542,1.0,526.447916667,132.447916667,174,526.4477279,132.448860501,543,218,False
543,1.0,526.458333333,132.458333333,174,526.458148128,132.459259359,543,218,False
544,1.0,526.46875,132.46875,174,526.468568356,132.469658218,543,218,False
545,1.0,526.479166667,132.479166667,174,526.478988585,132.480057076,543,218,False
546,1.0,526.489583333,132.489583333,174,526.489408813,132.490455935,543,218,False
547,1.0,526.5,132.5,174,526.499829041,132.500854793,543,218,False
548,1.0,526.510416667,132.510416667,174,526.51024927,132.511253652,543,218,False
549,1.0,526.520833333,132.520833333,174,526.520669498,132.52165251,543,218,False
550,1.0,526.53125,132.53125,174,526.531089726,132.532051369,543,218,False
551,1.0,526.541666667,132.541666667,174,526.541509955,132.542450227,543,218,False
552,1.0,526.552083333,132.552083333,174,526.551930183,132.552849086,543,218,False
553,1.0,526.5625,132.5625,174,526.562350411,132.563247944,543,218,False
554,1.0,526.572916667,132.572916667,174,526.572770639,132.573646803,543,218,False
555,1.0,526.583333333,132.583333333,174,526.583190868,132.584045661,543,218,False
556,1.0,526.59375,132.59375,174,526.593611096,132.59444452,543,218,False
557,1.0,526.604166667,132.604166667,174,526.604031324,132.604843378,543,218,False
558,1.0,526.614583333,132.614583333,174,526.614451553,132.615242237,543,218,False
559,1.0,526.625,132.625,174,526.624871781,132.625641095,543,218,False
560,1.0,526.635416667,132.635416667,174,526.635292009,132.636039953,543,218,False
561,1.0,526.645833333,132.645833333,174,526.645712238,132.646438812,543,218,False
562,1.0,526.65625,132.65625,174,526.656132466,132.65683767,543,218,False
563,1.0,526.666666667,132.666666667,174,526.666552694,132.667236529,543,218,False
564,1.0,526.677083333,132.677083333,174,526.676972923,132.677635387,543,218,False
565,1.0,526.6875,132.6875,174,526.687393151,132.688034246,543,218,False
566,1.0,526.697916667,132.697916667,174,526.697813379,132.698433104,543,218,False
567,1.0,526.708333333,132.708333333,174,526.708233607,132.708831963,543,218,False
568,1.0,526.71875,132.71875,174,526.718653836,132.719230821,543,218,False
569,1.0,526.729166667,132.729166667,174,526.729074064,132.72962968,543,218,False
570,1.0,526.739583333,132.739583333,174,526.739494292,132.740028538,543,218,False
571,1.0,526.75,132.75,174,526.749914521,132.750427397,543,218,False
572,1.0,526.760416667,132.760416667,174,526.760334749,132.760826255,543,218,False
573,1.0,526.770833333,132.770833333,174,526.770754977,132.771225114,543,218,False
574,1.0,526.78125,132.78125,174,526.781175206,132.781623972,543,218,False
575,1.0,526.791666667,132.791666667,174,526.791595434,132.792022831,543,218,False
576,1.0,526.802083333,132.802083333,174,526.802015662,132.802421689,543,218,False
577,1.0,526.8125,132.8125,174,526.81243589,132.812820548,543,218,False
578,1.0,526.822916667,132.822916667,174,526.822856119,132.823219406,543,218,False
579,1.0,526.833333333,132.833333333,174,526.833276347,132.833618264,543,218,False
580,1.0,526.84375,132.84375,174,526.843696575,132.844017123,543,218,False
581,1.0,526.854166667,132.854166667,174,526.854116804,132.854415981,543,218,False
582,1.0,526.864583333,132.864583333,174,526.864537032,132.86481484,543,218,False
583,1.0,526.875,132.875,174,526.87495726,132.875213698,543,218,False
584,1.0,526.885416667,132.885416667,174,526.885377489,132.885612557,543,218,False
585,1.0,526.895833333,132.895833333,174,526.895797717,132.896011415,543,218,False
586,1.0,526.90625,132.90625,174,526.906217945,132.906410274,543,218,False
587,1.0,526.916666667,132.916666667,174,526.916638174,132.916809132,543,218,False
588,1.0,526.927083333,132.927083333,174,526.927058402,132.927207991,543,218,False
589,1.0,526.9375,132.9375,174,526.93747863,132.937606849,543,218,False
590,1.0,526.947916667,132.947916667,174,526.947898858,132.948005708,543,218,False
591,1.0,526.958333333,132.958333333,174,526.958319087,132.958404566,543,218,False
592,1.0,526.96875,132.96875,174,526.968739315,132.968803425,543,218,False
593,1.0,526.979166667,132.979166667,174,526.979159543,132.979202283,543,218,False
594,1.0,526.989583333,132.989583333,174,526.989579772,132.989601142,543,218,False
595,,527.0,133.0,174,527.0,133.0,543,218,False
596,,526.0,133.0,174,526.166666667,133.0,543,218,False
597,,526.0,133.0,174,526.00621118,133.0,543,218,False
598,1.0,525.8,132.8,174,525.804968944,132.8,543,218,False
599,1.0,525.6,132.6,174,525.603726708,132.6,543,218,False
600,1.0,525.4,132.4,174,525.402484472,132.4,543,218,False
601,1.0,525.2,132.2,174,525.201242236,132.2,543,218,False
602,,525.0,132.0,174,525.0,132.0,543,218,False
603,,525.0,132.0,174,525.0,132.0,543,218,False
604,,527.0,137.0,174,526.935483871,136.838709677,543,218,False
605,,527.0,143.0,174,527.0055517,142.884802221,543,218,False
606,,528.0,150.0,174,527.985180182,149.935674601,543,218,False
607,,528.0,159.0,174,528.011572262,158.939167976,543,218,False
608,,527.0,168.0,174,527.022978463,167.975561145,543,218,False
609,1.0,526.0,170.5,174,526.020680617,170.478005031,543,218,False
610,1.0,525.0,173.0,174,525.018382771,172.980448916,543,218,False
611,1.0,524.0,175.5,174,524.016084924,175.482892802,543,218,False
612,1.0,523.0,178.0,174,523.013787078,177.985336687,543,218,False
613,1.0,522.0,180.5,174,522.011489232,180.487780573,543,218,False
614,1.0,521.0,183.0,174,521.009191385,182.990224458,543,218,False
615,1.0,520.0,185.5,174,520.006893539,185.492668344,543,218,False
616,1.0,519.0,188.0,174,519.004595693,187.995112229,543,218,False
617,1.0,518.0,190.5,174,518.002297846,190.497556115,543,218,False
618,,517.0,193.0,174,517.0,193.0,543,218,False
619,,515.0,194.0,174,515.333333333,193.833333333,543,218,False
620,,515.0,194.0,174,515.333333333,193.833333333,543,218,False
621,1.0,507.5,192.5,174,507.75,192.375,543,218,False
622,1.0,500.0,191.0,174,500.166666667,190.916666667,543,218,False
623,1.0,492.5,189.5,174,492.583333333,189.458333333,543,218,False
624,,485.0,188.0,174,485.0,188.0,543,218,False
625,,478.0,186.0,174,479.166666667,186.333333333,543,218,False
626,,469.0,184.0,174,469.378881988,184.086956522,543,218,False
627,,460.0,184.0,174,460.161290323,183.99250435,543,218,False
628,,450.0,185.0,174,450.080030797,184.976835715,543,218,False
629,,439.0,187.0,174,439.048712096,186.972471216,543,218,False
630,,430.0,190.0,174,429.983367116,189.970987502,543,218,False
631,,419.0,194.0,174,419.027811259,193.970451283,543,218,False
632,,411.0,195.0,174,410.958483698,195.041599732,543,218,False
633,,407.0,194.0,174,406.910697991,194.053695375,543,218,False
634,,406.0,191.0,174,405.909673718,191.057513364,543,218,False
635,,399.0,186.0,174,399.070622225,186.058903349,543,218,False
636,,391.0,184.0,174,391.049149037,183.970238196,543,218,False
637,,381.0,182.0,174,381.055083646,181.986432446,543,218,False
638,,373.0,184.0,174,372.986617259,183.923479419,543,218,False
639,,365.0,187.0,174,364.993389125,186.950223374,543,218,False
640,,357.0,190.0,174,356.99745836,189.980430269,543,218,False
641,,348.0,194.0,174,348.016885303,193.974821054,543,218,False
642,,343.0,194.0,174,342.935801482,194.061104843,543,218,False
643,,341.0,193.0,174,340.919189847,193.043984317,543,218,False
644,,341.0,192.0,174,340.93148605,192.017408617,543,218,False
645,,341.0,190.0,174,340.972626415,190.024373359,543,218,False
646,,335.0,188.0,174,335.096727482,188.009940208,543,218,False
647,,328.0,189.0,174,328.059005291,188.950236844,543,218,False
648,,321.0,190.0,174,321.023090617,189.978893791,543,218,False
649,,312.0,193.0,174,312.044331448,192.956338289,543,218,False
650,,306.0,193.0,174,305.964723662,193.035522616,543,218,False
651,,301.0,193.0,174,300.966536777,193.015718526,543,218,False
652,,298.0,193.0,174,297.950882903,193.005977154,543,218,False
653,,296.0,192.0,174,295.962103335,192.020069781,543,218,False
654,,295.0,190.0,174,294.967101524,190.026170474,543,218,False
655,,292.0,186.0,174,292.022512466,186.046321211,543,218,False
656,,283.0,186.0,174,283.117072831,185.947669236,543,218,False
657,,275.0,185.0,174,275.030999504,184.995001355,543,218,False
658,,266.0,186.0,174,266.028785653,185.963158451,543,218,False
659,,257.0,188.0,174,257.011553477,187.966758364,543,218,False
660,,248.0,190.0,174,248.004345621,189.986676669,543,218,False
661,,239.0,192.0,174,239.001621568,191.99498951,543,218,False
662,,233.0,193.0,174,232.947095491,193.015966703,543,218,False
663,,230.0,191.0,174,229.924212022,191.060313475,543,218,False
664,,228.0,190.0,174,227.951233112,190.007244949,543,218,False
665,,228.0,187.0,174,227.945169213,187.037643896,543,218,False
666,,221.0,186.0,174,221.102663908,185.980030031,543,218,False
667,,211.0,186.0,174,211.097664367,185.973093465,543,218,False
668,,202.0,186.0,174,202.02140727,185.989040098,543,218,False
669,,191.0,184.0,174,191.042933946,184.031543158,543,218,False
670,,181.0,183.0,174,180.999838594,182.995625276,543,218,False
671,,169.0,182.0,174,169.034838989,181.997597507,543,218,False
672,,158.0,183.0,174,157.9968188,182.963394956,543,218,False
673,,148.0,186.0,174,147.980204354,185.948975197,543,218,False
674,,137.0,189.0,174,137.009567605,188.979193376,543,218,False
675,,128.0,190.0,174,127.968704278,190.0278321,543,218,False
676,,125.0,189.0,174,124.879649328,189.047749127,543,218,False
677,,124.0,188.0,174,123.914269612,188.019585448,543,218,False
678,,123.0,187.0,174,122.966090948,187.007385391,543,218,False
679,,120.0,186.0,174,120.022940626,186.002756745,543,218,False
680,,114.0,187.0,174,114.063761945,186.965355022,543,218,False
681,,105.0,188.0,174,105.079916195,187.985380176,543,218,False
682,,97.0,188.0,174,97.0146367819,188.012305601,543,218,False
683,,88.0,183.0,174,88.0225667138,183.094617774,543,218,False
684,,80.0,178.0,174,79.9913934985,178.039573951,543,218,False
685,,73.0,172.0,174,72.9781415251,172.032792328,543,218,False
686,,65.0,165.0,174,65.0087968078,165.030921957,543,218,False
687,,57.0,160.0,174,57.0040895521,159.976747311,543,218,False
688,,47.0,153.0,174,47.0372356972,153.025341728,543,218,False
689,,37.0,149.0,174,37.0155872906,148.957563741,543,218,False
690,,27.0,147.0,174,27.0058914054,146.946027906,543,218,False
691,,18.0,147.0,174,17.9843634033,146.942385185,543,218,False
692,,19.0,148.0,174,18.8149553528,147.958895249,543,218,False
693,,18.0,148.0,174,17.9581272477,148.001576521,543,218,False
694,,19.0,147.0,174,18.9500174203,147.019232524,543,218,False
695,,17.0,146.0,174,17.0332346439,146.008060511,543,218,False
696,,18.0,139.0,174,17.9613600313,139.110064941,543,218,False
697,,20.0,128.0,174,19.9653200602,128.1174916,543,218,False
698,,25.0,119.0,174,24.9325948551,119.011777683,543,218,False
699,,28.0,111.0,174,28.0079426072,110.985021399,543,218,False
700,,31.0,101.0,174,31.004542686,101.029163028,543,218,False
701,,31.0,91.0,174,31.0552778352,91.0125322704,543,218,False
702,,29.0,80.0,174,29.0588398533,80.0225868687,543,218,False
703,,24.0,69.0,174,24.0772693317,69.0092758394,543,218,False
704,,17.0,60.0,174,17.0671203644,59.9678256218,543,218,False
705,,15.0,57.0,174,14.9376690014,56.8792849954,543,218,False
706,,16.0,55.0,174,15.9190792615,54.9319683837,543,218,False
707,,18.0,52.0,174,17.9492425587,51.9913773538,543,218,False
708,,15.0,48.0,174,15.0692778879,48.0154233318,543,218,False
709,,16.0,41.0,174,15.9586962471,41.0601493764,543,218,False
710,,13.0,32.0,174,13.0527385101,32.0606946087,543,218,False
711,,11.0,21.0,174,11.0050806376,21.0601261689,543,218,False
712,,17.0,15.0,174,16.8585054838,14.9350230818,543,218,False
713,,25.0,9.0,174,24.9047283153,8.97160019951,543,218,False
714,,34.0,4.0,174,33.9446189615,3.97137850569,543,218,False
715,,39.0,5.0,174,39.0497529802,4.88145122837,543,218,False
716,,42.0,6.0,174,42.0575850818,5.95065239444,543,218,False
717,,46.0,7.0,174,46.0054948446,6.98136033102,543,218,False
718,,50.0,8.0,174,50.0012838628,7.99304088645,543,218,False
719,,56.0,8.0,174,55.9647692917,8.01524199346,543,218,False
720,,60.0,7.0,174,60.0208327616,7.02437078438,543,218,False
721,,65.0,8.0,174,64.9915537024,7.97430511489,543,218,False
722,,70.0,6.0,174,69.996076157,6.04226778861,543,218,False
723,,73.0,8.0,174,73.0341730538,7.94688957404,543,218,False
724,,77.0,8.0,174,76.9966058353,8.01258207837,543,218,False
725,,83.0,7.0,174,82.9622903377,7.02407527267,543,218,False
726,,93.0,7.0,174,92.9128556601,6.99206460212,543,218,False
727,,102.0,15.0,174,101.981858597,14.8535425711,543,218,False
728,,107.0,25.0,174,107.065269908,24.9028732192,543,218,False
729,,109.0,35.0,174,109.081283152,34.9617636107,543,218,False
730,,108.0,47.0,174,108.086530098,46.9499786352,543,218,False
731,,106.0,57.0,174,106.052778535,57.015317145,543,218,False
732,,103.0,69.0,174,103.03849004,68.9716614805,543,218,False
733,,99.0,79.0,174,99.0330827249,79.0234811103,543,218,False
734,,96.0,90.0,174,95.9953907673,89.9925445882,543,218,False
735,,95.0,101.0,174,94.9617987635,100.996445657,543,218,False
736,,96.0,111.0,174,95.9483432461,111.016474453,543,218,False
737,,98.0,121.0,174,97.961119739,121.006992064,543,218,False
738,,101.0,130.0,174,100.966733151,130.020483139,543,218,False
739,,105.0,139.0,174,104.968866101,139.00848989,543,218,False
740,,110.0,147.0,174,109.969663033,147.02104158,543,218,False
741,,117.0,153.0,174,116.952123828,153.044370693,543,218,False
742,,126.0,157.0,174,125.944733143,157.053958352,543,218,False
743,,135.0,159.0,174,134.977610329,159.057574532,543,218,False
744,,145.0,158.0,174,144.973732997,158.07676071,543,218,False
745,,153.0,155.0,174,153.02502488,155.066929022,543,218,False
746,,162.0,151.0,174,161.993156904,151.044615566,543,218,False
747,,169.0,146.0,174,169.032348299,146.035406547,543,218,False
748,,176.0,139.0,174,176.013726794,139.049767824,543,218,False
749,,181.0,132.0,174,181.040868764,132.020299352,543,218,False
750,,185.0,123.0,174,185.034779686,123.043322287,543,218,False
751,,187.0,114.0,174,187.049571014,114.017858007,543,218,False
752,,188.0,105.0,174,188.038064088,105.006737839,543,218,False
753,,186.0,95.0,174,186.068633448,95.0203515423,543,218,False
754,,182.0,86.0,174,182.06385893,85.990602751,543,218,False
755,,175.0,78.0,174,175.079141992,77.9778484706,543,218,False
756,,168.0,74.0,174,168.032145773,73.9195060238,543,218,False
757,,158.0,71.0,174,158.065616942,70.9487053881,543,218,False
758,,147.0,71.0,174,147.044859511,70.9263537371,543,218,False
759,,138.0,74.0,174,137.982023563,73.9164324842,543,218,False
760,,129.0,79.0,174,128.991639513,78.9304948976,543,218,False
761,,122.0,85.0,174,121.961131805,84.9544224192,543,218,False
762,,117.0,93.0,174,116.948129652,92.9463984778,543,218,False
763,,113.0,101.0,174,112.961041804,100.978269721,543,218,False
764,,110.0,110.0,174,109.966704183,109.973980614,543,218,False
765,,109.0,119.0,174,108.95101898,118.989444604,543,218,False
766,,108.0,128.0,174,107.979993906,127.996024803,543,218,False
767,,112.0,136.0,174,111.903278032,136.016352747,543,218,False
768,,118.0,142.0,174,117.92400578,142.04262104,543,218,False
769,,127.0,147.0,174,126.91625526,147.035469804,543,218,False
770,,136.0,148.0,174,135.966134897,148.085502658,543,218,False
771,,145.0,146.0,174,144.987251037,146.088836222,543,218,False
772,,153.0,142.0,174,153.01307852,142.07150949,543,218,False
773,,157.0,134.0,174,157.077073144,134.099835575,543,218,False
774,,160.0,124.0,174,160.05001774,124.076385079,543,218,False
775,,158.0,115.0,174,158.108842919,115.012508278,543,218,False
776,,151.0,107.0,174,151.134065618,106.986061855,543,218,False
777,,142.0,102.0,174,142.090115332,101.940405944,543,218,False
778,,132.0,101.0,174,132.053344933,100.903839797,543,218,False
779,,123.0,105.0,174,123.002991647,104.871439163,543,218,False
780,,116.0,114.0,174,115.964634066,113.85846462,543,218,False
781,,116.0,123.0,174,115.860218481,122.942767458,543,218,False
782,,119.0,132.0,174,118.888333842,131.978454156,543,218,False
783,,127.0,139.0,174,126.866348067,139.027631929,543,218,False
784,,137.0,142.0,174,136.910109008,142.083350781,543,218,False
785,,148.0,142.0,174,147.946742039,142.088071005,543,218,False
786,,157.0,139.0,174,157.014877257,139.089062371,543,218,False
787,,165.0,133.0,174,165.025043188,133.089395119,543,218,False
788,,172.0,126.0,174,172.028103396,126.053844726,543,218,False
789,,177.0,118.0,174,177.047045434,118.038887346,543,218,False
790,,182.0,109.0,174,182.019284657,109.033230803,543,218,False
791,,184.0,101.0,174,184.060780422,100.995445958,543,218,False
792,,186.0,89.0,174,186.025218481,89.0688372996,543,218,False
793,,186.0,80.0,174,186.045194703,79.9755231773,543,218,False
794,,185.0,70.0,174,185.036394078,70.0063142951,543,218,False
795,,181.0,60.0,174,181.068009148,60.0030921824,543,218,False
796,,176.0,52.0,174,176.045789828,51.9655152015,543,218,False
797,,169.0,44.0,174,169.053717469,43.9854415603,543,218,False
798,,161.0,39.0,174,161.039611584,38.9409832501,543,218,False
799,,151.0,35.0,174,151.051373994,34.9576026416,543,218,False
800,,141.0,34.0,174,141.020899858,33.929712584,543,218,False
801,,131.0,36.0,174,131.007873539,35.9176864216,543,218,False
802,,121.0,39.0,174,121.002938601,38.9487986847,543,218,False
803,,113.0,43.0,174,112.965422798,42.9620980851,543,218,False
804,,105.0,49.0,174,104.985405438,48.9493001636,543,218,False
805,,100.0,55.0,174,99.9409697061,54.9793531789,543,218,False
806,,94.0,63.0,174,93.9932702449,62.9565482013,543,218,False
807,,91.0,70.0,174,90.9447135649,69.9999300494,543,218,False
808,,88.0,78.0,174,87.9768681943,77.9829092738,543,218,False
809,,87.0,87.0,174,86.9555848983,86.974977066,543,218,False
810,,86.0,97.0,174,85.981732908,96.9719446021,543,218,False
811,,86.0,106.0,174,85.975273276,106.006483374,543,218,False
812,,88.0,115.0,174,87.9542538337,115.003227121,543,218,False
813,,90.0,124.0,174,89.9812015491,124.001241592,543,218,False
814,,94.0,132.0,174,93.9572372158,132.018300944,543,218,False
815,,99.0,140.0,174,98.9645142052,140.007674691,543,218,False
816,,106.0,147.0,174,105.9501658,147.020737654,543,218,False
817,,113.0,152.0,174,112.979674145,152.044257411,543,218,False
818,,123.0,157.0,174,122.938831423,157.018243475,543,218,False
819,,132.0,158.0,174,131.992473171,158.078228587,543,218,False
820,,142.0,158.0,174,141.980089134,158.050411561,543,218,False
821,,152.0,156.0,174,151.991760329,156.055478957,543,218,False
822,,160.0,151.0,174,160.03256243,151.075942634,543,218,False
823,,167.0,145.0,174,167.031678088,145.048786013,543,218,False
824,,173.0,138.0,174,173.030578401,138.036999744,543,218,False
825,,177.0,129.0,174,177.047968006,129.05036349,543,218,False
826,,180.0,120.0,174,180.037464846,120.020521455,543,218,False
827,,181.0,111.0,174,181.050573689,111.007732418,543,218,False
828,,180.0,102.0,174,180.056274218,102.002885999,543,218,False
829,,178.0,92.0,174,178.040601551,92.0189121754,543,218,False
830,,174.0,82.0,174,174.051744741,82.0079024261,543,218,False
831,,169.0,75.0,174,169.038874453,74.9494772202,543,218,False
832,,162.0,66.0,174,162.051099165,66.0142833177,543,218,False
833,,155.0,61.0,174,155.02079742,60.9355629715,543,218,False
834,,145.0,58.0,174,145.061344341,57.9369722741,543,218,False
835,,136.0,57.0,174,136.007592339,56.9389690669,543,218,False
836,,126.0,60.0,174,126.019935283,59.904111067,543,218,False
837,,117.0,64.0,174,116.990412444,63.9429241903,543,218,False
838,,110.0,71.0,174,109.95993953,70.9241969258,543,218,False
839,,105.0,78.0,174,104.947650102,77.9691374913,543,218,False
840,,101.0,87.0,174,100.960861385,86.9526995347,543,218,False
841,,99.0,96.0,174,98.9488005306,95.9806572968,543,218,False
842,,98.0,105.0,174,97.9613287787,104.992708698,543,218,False
843,,99.0,114.0,174,98.9489765831,113.997278497,543,218,False
844,,101.0,123.0,174,100.961394485,122.998985466,543,218,False
845,,104.0,131.0,174,103.966837405,131.017458186,543,218,False
846,,108.0,139.0,174,107.968905046,139.007360492,543,218,False
847,,113.0,147.0,174,112.969677553,147.002784216,543,218,False
848,,119.0,154.0,174,118.969965568,154.018876002,543,218,False
849,,125.0,158.0,174,124.987909247,158.061398011,543,218,False
850,,132.0,162.0,174,131.977614363,162.025485509,543,218,False
851,,139.0,167.0,174,138.990800918,166.991787009,543,218,False
852,,149.0,170.0,174,148.943021433,170.031763946,543,218,False
853,,157.0,169.0,174,157.011873232,169.084850776,543,218,False
854,,167.0,166.0,174,166.970337164,166.070791831,543,218,False
855,,174.0,161.0,174,174.040821896,161.06393218,543,218,False
856,,180.0,155.0,174,180.035533886,155.043461646,543,218,False
857,,184.0,147.0,174,184.049889044,147.052811023,543,218,False
858,,187.0,139.0,174,187.03818439,139.021435558,543,218,False
859,,187.0,131.0,174,187.068678371,131.008073207,543,218,False
860,,186.0,122.0,174,186.04603935,122.020849348,543,218,False
861,,184.0,114.0,174,184.035974147,113.990788295,543,218,False
862,,181.0,105.0,174,181.032144817,105.013590281,543,218,False
863,,177.0,98.0,174,177.030713841,97.9702073182,543,218,False
864,,171.0,90.0,174,171.048016643,90.0050640059,543,218,False
865,,165.0,84.0,174,165.019646558,83.966988508,543,218,False
866,,157.0,79.0,174,157.043078976,78.9681896917,543,218,False
867,,150.0,75.0,174,149.999930993,74.9693740011,543,218,False
868,,141.0,71.0,174,141.034875262,70.9876869896,543,218,False
869,,132.0,69.0,174,132.014668735,68.9596951121,543,218,False
870,,123.0,68.0,174,123.00554719,67.9654322472,543,218,False
871,,114.0,70.0,174,114.002071348,69.9326717337,543,218,False
872,,106.0,72.0,174,105.982935878,71.9723002838,543,218,False
873,,98.0,75.0,174,97.9927863898,74.9717148799,543,218,False
874,,90.0,79.0,174,89.9972705301,78.9707618485,543,218,False
875,,85.0,85.0,174,84.9454717472,84.9525351455,543,218,False
876,,83.0,93.0,174,82.9236067302,92.9448865318,543,218,False
877,,82.0,101.0,174,81.9510075058,100.977667504,543,218,False
878,,84.0,110.0,174,83.9272487982,109.973754307,543,218,False
879,,87.0,117.0,174,86.9524405143,117.025032822,543,218,False
880,,92.0,125.0,174,91.9456228457,124.993159864,543,218,False
881,,98.0,131.0,174,97.9601425358,131.032349403,543,218,False
882,,106.0,136.0,174,105.948534363,136.031563533,543,218,False
883,,114.0,139.0,174,113.979065986,139.048370349,543,218,False
884,,123.0,142.0,174,122.974277403,142.019780161,543,218,False
885,,131.0,143.0,174,131.00739155,143.043128857,543,218,False
886,,141.0,142.0,174,140.967894809,142.053458572,543,218,False
887,,149.0,140.0,174,149.022038323,140.039550162,543,218,False
888,,158.0,137.0,174,157.992004978,137.033516452,543,218,False
889,,166.0,132.0,174,166.014080775,132.049063254,543,218,False
890,,173.0,127.0,174,173.023900887,127.020036743,543,218,False
891,,179.0,121.0,174,179.027637185,121.025388081,543,218,False
892,,184.0,115.0,174,184.029033406,115.010320094,543,218,False
893,,189.0,108.0,174,189.011717646,108.021723824,543,218,False
894,,192.0,101.0,174,192.040082901,101.008952325,543,218,False
895,,196.0,93.0,174,195.998812356,93.0212139377,543,218,False
896,,198.0,85.0,174,198.034458235,85.0087622783,543,218,False
897,,199.0,77.0,174,199.032349626,77.0033067764,543,218,False
898,,200.0,68.0,174,200.012990688,68.0190707731,543,218,False
899,,198.0,60.0,174,198.058395483,59.9901252949,543,218,False
900,,196.0,51.0,174,196.024327707,51.0133431661,543,218,False
901,,192.0,43.0,174,192.044862609,42.987951542,543,218,False
902,,187.0,37.0,174,187.036270297,36.9590221265,543,218,False
903,,181.0,31.0,174,181.032290358,30.9829808184,543,218,False
904,,174.0,27.0,174,174.030769768,26.957900475,543,218,False
905,,166.0,23.0,174,166.030201241,22.9825977444,543,218,False
906,,157.0,21.0,174,157.029989257,20.9577593716,543,218,False
907,,149.0,21.0,174,148.994237588,20.9468725779,543,218,False
908,,140.0,21.0,174,140.014877929,20.9784095949,543,218,False
909,,132.0,24.0,174,131.98852367,23.9383583293,543,218,False
910,,125.0,27.0,174,124.9770717,26.9744604296,543,218,False
911,,118.0,32.0,174,117.99056173,31.9546856177,543,218,False
912,,112.0,38.0,174,111.978603172,37.9635613153,543,218,False
913,,109.0,44.0,174,108.937660488,43.9854832089,543,218,False
914,,105.0,52.0,174,104.991999813,51.958871944,543,218,False
915,,103.0,60.0,174,102.962074611,59.982961682,543,218,False
916,,102.0,68.0,174,101.966356069,67.9935677608,543,218,False
917,,101.0,76.0,174,100.986526807,75.9975986914,543,218,False
918,,102.0,84.0,174,101.959261002,83.9991048081,543,218,False
919,,103.0,93.0,174,102.983106695,92.9818300117,543,218,False
920,,106.0,101.0,174,105.957949154,101.010210535,543,218,False
921,,110.0,109.0,174,109.964779645,109.004618335,543,218,False
922,,115.0,116.0,174,114.968101065,116.019596544,543,218,False
923,,120.0,123.0,174,119.987212453,123.008159353,543,218,False
924,,127.0,129.0,174,126.959518241,129.02091838,543,218,False
925,,134.0,134.0,174,133.983202652,134.026488447,543,218,False
926,,143.0,139.0,174,142.957984923,139.01076715,543,218,False
927,,151.0,141.0,174,151.000465631,141.057564871,543,218,False
928,,160.0,144.0,174,159.983108898,144.006181709,543,218,False
929,,169.0,146.0,174,168.992887797,146.019409426,543,218,False
930,,178.0,146.0,174,177.997310093,146.043725427,543,218,False
931,,188.0,147.0,174,187.981159233,147.000207101,543,218,False
932,,195.0,147.0,174,195.045633091,147.017143527,543,218,False
933,,205.0,147.0,174,204.966018996,147.007206367,543,218,False
934,,213.0,146.0,174,213.020567323,146.020561335,543,218,False
935,,222.0,145.0,174,221.991419777,145.008518954,543,218,False
936,,231.0,142.0,174,230.996024566,142.038888737,543,218,False
937,,239.0,140.0,174,239.016317417,139.998367178,543,218,False
938,,247.0,136.0,174,247.00693353,136.034292306,543,218,False
939,,255.0,133.0,174,255.002624995,132.996615126,543,218,False
940,,262.0,128.0,174,262.018816654,128.033637428,543,218,False
941,,269.0,123.0,174,269.007866908,123.014207281,543,218,False
942,,276.0,117.0,174,276.002972969,117.023211522,543,218,False
943,,285.0,106.0,174,284.965437371,106.098690312,543,218,False
944,,289.0,102.0,174,289.074592591,101.916237926,543,218,False
945,,292.0,98.0,174,292.049824236,97.9630118755,543,218,False
946,,295.0,93.0,174,295.019624143,93.003774224,543,218,False
947,,299.0,85.0,174,298.989528325,85.0557560421,543,218,False
948,,300.0,81.0,174,300.048754883,80.9520367139,543,218,False
949,,307.0,65.0,174,306.913673673,65.1928695083,543,218,False
950,,309.0,57.0,174,309.052005729,56.9392800802,543,218,False
951,,311.0,49.0,174,311.023411817,48.9710229135,543,218,False
952,,312.0,41.0,174,312.026755054,40.9888961146,543,218,False
953,,312.0,33.0,174,312.028671131,32.995846879,543,218,False
954,,311.0,25.0,174,311.029417346,24.9984513726,543,218,False
955,,309.0,17.0,174,309.029697006,16.9994227695,543,218,False
956,,304.0,10.0,174,304.065473968,9.98194852817,543,218,False
957,,300.0,9.0,174,300.009170402,8.8854004148,543,218,False
958,,297.0,9.0,174,296.984852657,8.9342884475,543,218,False
959,,295.0,9.0,174,294.975629582,8.97440769983,543,218,False
960,,293.0,9.0,174,292.990020696,8.99040868808,543,218,False
961,,292.0,8.0,174,291.978401351,8.01425897807,543,218,False
962,,291.0,8.0,174,290.991094241,7.98833165073,543,218,False
963,,289.0,8.0,174,289.014476069,7.99483830952,543,218,False
964,,288.0,8.0,174,287.988410725,7.99803726611,543,218,False
965,,288.0,8.0,174,287.977031366,7.99926659777,543,218,False
966,,286.0,8.0,174,286.026219437,7.99972656067,543,218,False
967,,286.0,7.0,174,285.975764141,7.01773440831,543,218,False
968,,286.0,8.0,174,285.989339456,7.97179078969,543,218,False
969,,286.0,7.0,174,285.995948769,7.02349237876,543,218,False
970,,286.0,7.0,174,285.998486317,6.99254702096,543,218,False
971,,286.0,7.0,174,285.999435649,6.99644647964,543,218,False
972,,286.0,7.0,174,285.999789649,6.99863842819,543,218,False
973,,286.0,7.0,174,285.999921599,6.99949074491,543,218,False
974,,286.0,7.0,174,285.999970779,6.99981010781,543,218,False
975,,286.0,7.0,174,285.999989109,6.9999292202,543,218,False
976,,286.0,7.0,174,285.999995941,6.99997361909,543,218,False
977,,286.0,7.0,174,285.999998487,6.99999016742,543,218,False
978,,286.0,7.0,174,285.999999436,6.99999633525,543,218,False
979,,286.0,7.0,174,285.99999979,6.99999863409,543,218,False
980,,286.0,7.0,174,285.999999922,6.9999994909,543,218,False
981,,286.0,7.0,174,285.999999971,6.99999981025,543,218,False
982,,286.0,7.0,174,285.999999989,6.99999992928,543,218,False
983,,286.0,7.0,174,285.999999996,6.99999997364,543,218,False
984,,286.0,7.0,174,285.999999998,6.99999999018,543,218,False
985,,286.0,7.0,174,285.999999999,6.99999999634,543,218,False
986,,286.0,7.0,174,286.0,6.99999999864,543,218,False
987,,286.0,7.0,174,286.0,6.99999999949,543,218,False
988,,286.0,7.0,174,286.0,6.99999999981,543,218,False
989,,286.0,7.0,174,286.0,6.99999999993,543,218,False
990,,286.0,7.0,174,286.0,6.99999999997,543,218,False
991,,286.0,7.0,174,286.0,6.99999999999,543,218,False
992,,286.0,7.0,174,286.0,7.0,543,218,False
993,,286.0,7.0,174,286.0,7.0,543,218,False
994,,286.0,7.0,174,286.0,7.0,543,218,False
995,,286.0,7.0,174,286.0,7.0,543,218,False
996,,286.0,7.0,174,286.0,7.0,543,218,False
997,,286.0,7.0,174,286.0,7.0,543,218,False
998,,286.0,7.0,174,286.0,7.0,543,218,False
999,,286.0,7.0,174,286.0,7.0,543,218,False
1000,,286.0,7.0,174,286.0,7.0,543,218,False
1001,,286.0,7.0,174,286.0,7.0,543,218,False
1002,,286.0,7.0,174,286.0,7.0,543,218,False
1003,,286.0,7.0,174,286.0,7.0,543,218,False
1004,,286.0,7.0,174,286.0,7.0,543,218,False
1005,,286.0,7.0,174,286.0,7.0,543,218,False
1006,,286.0,7.0,174,286.0,7.0,543,218,False
1007,,286.0,7.0,174,286.0,7.0,543,218,False
1008,,286.0,7.0,174,286.0,7.0,543,218,False
1009,,286.0,8.0,174,286.0,7.9821636724,543,218,False
1010,,286.0,7.0,174,286.0,7.02817122322,543,218,False
1011,,286.0,7.0,174,286.0,6.99432979046,543,218,False
1012,,286.0,8.0,174,286.0,7.97927647877,543,218,False
1013,,286.0,7.0,174,286.0,7.02705809067,543,218,False
1014,,286.0,7.0,174,286.0,6.99391313675,543,218,False
1015,,286.0,7.0,174,286.0,6.99695742834,543,218,False
1016,,286.0,7.0,174,286.0,6.99882895161,543,218,False
1017,,286.0,8.0,174,286.0,7.98172543238,543,218,False
1018,,286.0,7.0,174,286.0,7.02800779963,543,218,False
1019,,286.0,7.0,174,286.0,6.99426887592,543,218,False
1020,,286.0,7.0,174,286.0,6.99709010239,543,218,False
1021,,286.0,7.0,174,286.0,6.99887840532,543,218,False
1022,,287.0,7.0,174,286.982163672,6.99958019233,543,218,False
1023,,286.0,7.0,174,286.028171223,6.99984344644,543,218,False
1024,,287.0,7.0,174,286.976493463,6.99994164603,543,218,False
1025,,287.0,7.0,174,287.007447702,6.99997825039,543,218,False
1026,,287.0,7.0,174,287.003551554,6.99999189358,543,218,False
1027,,287.0,7.0,174,287.001360839,6.99999697861,543,218,False
1028,,286.0,7.0,174,286.018345309,6.99999887388,543,218,False
1029,,287.0,7.0,174,286.972018567,6.99999958028,543,218,False
1030,,287.0,7.0,174,287.005740951,6.99999984356,543,218,False
1031,,287.0,7.0,174,287.00291356,6.99999994169,543,218,False
1032,,286.0,7.0,174,286.018959287,6.99999997827,543,218,False
1033,,287.0,7.0,174,286.972249093,6.9999999919,543,218,False
1034,,286.0,7.0,174,286.02366328,6.99999999698,543,218,False
1035,,286.0,8.0,174,285.992610723,7.98216367128,543,218,False
1036,,286.0,7.0,174,285.996470222,7.0281712228,543,218,False
1037,,286.0,7.0,174,285.998647277,6.9943297903,543,218,False
1038,,287.0,7.0,174,286.981657716,6.99711280631,543,218,False
1039,,287.0,7.0,174,287.010146233,6.99888686742,543,218,False
1040,,287.0,7.0,174,287.004594364,6.99958334629,543,218,False
1041,,287.0,7.0,174,287.001751282,6.99984462197,543,218,False
1042,,286.0,7.0,174,286.018490919,6.99994208417,543,218,False
1043,,287.0,7.0,174,286.972072842,6.99997841369,543,218,False
1044,,287.0,7.0,174,287.005761181,6.99999195444,543,218,False
1045,,286.0,7.0,174,286.020757428,6.9999970013,543,218,False
1046,,287.0,7.0,174,286.972954547,6.99999888234,543,218,False
1047,,287.0,7.0,174,287.006091573,6.99999958343,543,218,False
1048,,287.0,7.0,174,287.003044327,6.99999984474,543,218,False
1049,,287.0,7.0,174,287.001171703,6.99999994213,543,218,False
1050,,287.0,7.0,174,287.000438484,6.99999997843,543,218,False
1051,,287.0,7.0,174,287.000163514,6.99999999196,543,218,False
1052,,287.0,7.0,174,287.000060948,6.999999997,543,218,False
1053,,287.0,7.0,174,287.000022717,6.99999999888,543,218,False
1054,,287.0,7.0,174,287.000008467,6.99999999958,543,218,False
1055,,287.0,7.0,174,287.000003156,6.99999999984,543,218,False
1056,,287.0,7.0,174,287.000001176,6.99999999994,543,218,False
1057,,286.0,8.0,174,286.017836766,7.98216367238,543,218,False
1058,,286.0,7.0,174,285.989665268,7.02817122321,543,218,False
1059,,287.0,8.0,174,286.977499047,7.97649346286,543,218,False
1060,,287.0,7.0,174,287.008557426,7.02528402959,543,218,False
1061,,287.0,7.0,174,287.004000335,6.9932166579,543,218,False
1062,,287.0,7.0,174,287.001529789,6.99669615266,543,218,False
1063,,287.0,7.0,174,287.000572033,6.99873148941,543,218,False
1064,,287.0,7.0,174,287.000213294,6.99952543046,543,218,False
1065,,287.0,7.0,174,287.000079502,6.99982303565,543,218,False
1066,,287.0,7.0,174,287.000029632,6.99993403861,543,218,False
1067,,287.0,7.0,174,287.000011044,6.99997541498,543,218,False
1068,,287.0,7.0,174,287.000004116,6.99999083678,543,218,False
1069,,286.0,8.0,174,286.017837862,7.98216025713,543,218,False
1070,,287.0,7.0,174,286.971829349,7.0281699503,543,218,False
1071,,286.0,8.0,174,286.02350675,7.97649298842,543,218,False
1072,,287.0,7.0,174,286.97471605,7.02528385276,543,218,False
1073,,287.0,7.0,174,287.006783372,6.993216592,543,218,False
1074,,287.0,7.0,174,287.003303858,6.9966961281,543,218,False
1075,,287.0,7.0,174,287.001268515,6.99873148026,543,218,False
1076,,287.0,7.0,174,287.000474571,6.99952542705,543,218,False
1077,,287.0,7.0,174,287.000176965,6.99982303438,543,218,False
1078,,287.0,7.0,174,287.000065962,6.99993403813,543,218,False
1079,,287.0,7.0,174,287.000024585,6.99997541481,543,218,False
1080,,287.0,7.0,174,287.000009163,6.99999083671,543,218,False
1081,,287.0,7.0,174,287.000003415,6.9999965847,543,218,False
1082,,286.0,8.0,174,286.017837601,7.98216239947,543,218,False
1083,,287.0,7.0,174,286.971829251,7.02817074878,543,218,False
1084,,286.0,8.0,174,286.023506714,7.97649328603,543,218,False
1085,,287.0,7.0,174,286.974716036,7.02528396368,543,218,False
1086,,287.0,7.0,174,287.006783367,6.99321663334,543,218,False
1087,,287.0,7.0,174,287.003303856,6.99669614351,543,218,False
1088,,287.0,7.0,174,287.001268514,6.998731486,543,218,False
1089,,287.0,7.0,174,287.000474571,6.99952542919,543,218,False
1090,,287.0,7.0,174,287.000176965,6.99982303518,543,218,False
1091,,287.0,7.0,174,287.000065962,6.99993403843,543,218,False
1092,,287.0,7.0,174,287.000024585,6.99997541492,543,218,False
1093,,287.0,7.0,174,287.000009163,6.99999083675,543,218,False
1094,,287.0,7.0,174,287.000003415,6.99999658472,543,218,False
1095,,288.0,7.0,174,287.982164945,6.99999872707,543,218,False
1096,,287.0,7.0,174,287.028171698,6.99999952556,543,218,False
1097,,287.0,7.0,174,286.994329967,6.99999982317,543,218,False
1098,,287.0,7.0,174,286.997112872,6.99999993409,543,218,False
1099,,287.0,7.0,174,286.998886892,6.99999997544,543,218,False
1100,,287.0,7.0,174,286.999583355,6.99999999084,543,218,False
1101,,287.0,7.0,174,286.999844625,6.99999999659,543,218,False
1102,,287.0,7.0,174,286.999942085,6.99999999873,543,218,False
1103,,287.0,7.0,174,286.999978414,6.99999999953,543,218,False
1104,,287.0,7.0,174,286.999991955,6.99999999982,543,218,False
1105,,287.0,7.0,174,286.999997001,6.99999999993,543,218,False
1106,,287.0,7.0,174,286.999998882,6.99999999998,543,218,False
1107,,287.0,8.0,174,286.999999583,7.98216367239,543,218,False
1108,,287.0,7.0,174,286.999999845,7.02817122322,543,218,False
1109,,287.0,7.0,174,286.999999942,6.99432979046,543,218,False
1110,,287.0,7.0,174,286.999999978,6.99711280637,543,218,False
1111,,287.0,8.0,174,286.999999992,7.98105053985,543,218,False
1112,,287.0,8.0,174,286.999999997,8.00991824192,543,218,False
1113,,287.0,7.0,174,286.999999999,7.02234563565,543,218,False
1114,,287.0,7.0,174,287.0,6.99138468099,543,218,False
1115,,287.0,8.0,174,287.0,7.9781417599,543,218,False
1116,,287.0,7.0,174,287.0,7.0266333914,543,218,False
1117,,287.0,8.0,174,287.0,7.97591843242,543,218,False
1118,,287.0,7.0,174,287.0,7.02506961806,543,218,False
1119,,287.0,7.0,174,287.0,6.99313673919,543,218,False
1120,,287.0,8.0,174,287.0,7.97883003793,543,218,False
1121,,287.0,7.0,174,287.0,7.0268916105,543,218,False
1122,,287.0,8.0,174,287.0,7.97601475539,543,218,False
1123,,287.0,8.0,174,287.0,8.00726919537,543,218,False
1124,,300.0,19.0,174,299.768127741,18.8072854137,543,218,False
1125,,297.0,22.0,174,297.187862626,22.0615109085,543,218,False
1126,,299.0,24.0,174,298.993963577,24.0471433174,543,218,False
1127,,294.0,25.0,174,294.118964773,25.0365662842,543,218,False
1128,,279.0,27.0,174,279.228504009,26.9967015066,543,218,False
1129,,261.0,21.0,174,261.147489118,21.1406511638,543,218,False
1130,,247.0,12.0,174,246.986608579,12.1127215363,543,218,False
1131,,242.0,6.0,174,241.831210352,5.991389662,543,218,False
1132,,243.0,5.0,174,242.822232953,4.9051865702,543,218,False
1133,,247.0,4.0,174,246.874738041,3.96027785183,543,218,False
1134,,256.0,4.0,174,255.861307597,3.96714883485,543,218,False
1135,,262.0,4.0,174,261.997413273,3.98689226858,543,218,False
1136,,268.0,4.0,174,268.001385862,3.9950732199,543,218,False
1137,,274.0,6.0,174,274.00062899,5.96248908057,543,218,False
1138,,280.0,6.0,174,280.000239816,6.01998454733,543,218,False
1139,,291.0,5.0,174,290.910908003,5.02691029432,543,218,False
1140,,293.0,4.0,174,293.123053211,4.01096122313,543,218,False
1141,,304.0,7.0,174,303.892814668,6.93278467511,543,218,False
1142,,308.0,15.0,174,308.077580494,14.8823540759,543,218,False
1143,,306.0,26.0,174,306.14155782,25.8982114948,543,218,False
1144,,309.0,35.0,174,308.968969644,34.994961791,543,218,False
1145,,312.0,42.0,174,311.984424678,42.0353692666,543,218,False
1146,,314.0,47.0,174,314.011839275,47.050637786,543,218,False
1147,,318.0,54.0,174,317.969584401,53.9849932424,543,218,False
1148,,326.0,60.0,174,325.915651619,60.010621737,543,218,False
1149,,333.0,65.0,174,332.982904395,65.0225711815,543,218,False
1150,,342.0,68.0,174,341.958641904,68.0449759739,543,218,False
1151,,351.0,70.0,174,350.982910931,70.0363493053,543,218,False
1152,,361.0,67.0,174,360.975714192,67.1036668748,543,218,False
1153,,369.0,61.0,174,369.025763569,61.0964598668,543,218,False
1154,,377.0,53.0,174,377.011268565,53.0743917866,543,218,False
1155,,380.0,44.0,174,380.093461336,44.0474028235,543,218,False
1156,,380.0,34.0,174,380.092615067,34.0364456772,543,218,False
1157,,376.0,24.0,174,376.108629462,24.0144824819,543,218,False
1158,,368.0,19.0,174,368.115379737,18.9162592086,543,218,False
1159,,357.0,18.0,174,357.100096738,17.8931774746,543,218,False
1160,,345.0,21.0,174,345.057876105,20.8852219223,543,218,False
1161,,338.0,27.0,174,337.933373982,26.9001240732,543,218,False
1162,,333.0,35.0,174,332.935274115,34.9243697027,543,218,False
1163,,330.0,44.0,174,329.938293915,43.9521372255,543,218,False
1164,,331.0,54.0,174,330.903857407,53.9633829715,543,218,False
1165,,336.0,62.0,174,335.889320568,62.0211263119,543,218,False
1166,,345.0,67.0,174,344.883821024,67.0630471982,543,218,False
1167,,357.0,66.0,174,356.89960369,66.133156937,543,218,False
1168,,364.0,61.0,174,364.049030125,61.1262226502,543,218,False
1169,,371.0,51.0,174,371.022411322,51.1398921216,543,218,False
1170,,371.0,42.0,174,371.133405315,42.0387468136,543,218,False
1171,,368.0,32.0,174,368.109215578,32.03163693,543,218,False
1172,,359.0,25.0,174,359.150571347,24.9591054736,543,218,False
1173,,348.0,22.0,174,348.097050507,21.9108913744,543,218,False
1174,,337.0,25.0,174,337.038130934,24.8562349896,543,218,False
1175,,329.0,32.0,174,328.960796736,31.8697807479,543,218,False
1176,,326.0,42.0,174,325.893650512,41.8942888901,543,218,False
1177,,329.0,51.0,174,328.848953827,50.9756999939,543,218,False
1178,,335.0,60.0,174,334.884862347,59.9916656339,543,218,False
1179,,344.0,64.0,174,343.900761634,64.0861098729,543,218,False
1180,,356.0,64.0,174,355.906807928,64.1077092312,543,218,False
1181,,364.0,59.0,174,364.033921529,59.1329450718,543,218,False
1182,,371.0,50.0,174,371.033764924,50.1253369393,543,218,False
1183,,373.0,41.0,174,373.102777131,41.0503417587,543,218,False
1184,,370.0,31.0,174,370.131804418,31.036773032,543,218,False
1185,,361.0,25.0,174,361.16061784,24.9432224274,543,218,False
1186,,350.0,23.0,174,350.100872862,22.9041198256,543,218,False
1187,,338.0,28.0,174,338.057395638,27.835834044,543,218,False
1188,,333.0,36.0,174,332.897485414,35.8791578206,543,218,False
1189,,334.0,47.0,174,333.848843703,46.8985964876,543,218,False
1190,,340.0,54.0,174,339.849074977,54.0308533722,543,218,False
1191,,349.0,57.0,174,348.885712489,57.0861299927,543,218,False
1192,,361.0,55.0,174,360.901117017,55.1248550552,543,218,False
1193,,369.0,49.0,174,369.031796521,49.1223194119,543,218,False
1194,,374.0,41.0,174,374.068645369,41.0848896273,543,218,False
1195,,374.0,31.0,174,374.117484717,31.0691929932,543,218,False
1196,,368.0,21.0,174,368.155204182,21.0275864077,543,218,False
1197,,357.0,16.0,174,357.152360432,15.9211862405,543,218,False
1198,,346.0,18.0,174,346.06131002,17.8415069298,543,218,False
1199,,337.0,25.0,174,336.987394976,24.8455666113,543,218,False
1200,,332.0,35.0,174,331.922259843,34.8843678348,543,218,False
1201,,332.0,45.0,174,331.878347978,44.954123055,543,218,False
1202,,336.0,53.0,174,335.878878045,53.0184406219,543,218,False
1203,,344.0,63.0,174,343.879884202,62.9729012013,543,218,False
1204,,353.0,68.0,174,352.933806891,68.0774557716,543,218,False
1205,,364.0,70.0,174,363.938630905,70.086567933,543,218,False
1206,,376.0,70.0,174,375.957534288,70.0706990415,543,218,False
1207,,384.0,63.0,174,384.054580087,63.1530441655,543,218,False
1208,,388.0,54.0,174,388.095057513,54.0987774945,543,218,False
1209,,388.0,45.0,174,388.110350181,45.0388131475,543,218,False
1210,,383.0,35.0,174,383.133896184,35.032398162,543,218,False
1211,,374.0,29.0,174,374.125689844,28.9415881145,543,218,False
1212,,362.0,28.0,174,362.103982198,27.885674186,543,218,False
1213,,351.0,32.0,174,351.023653665,31.8637781587,543,218,False
1214,,344.0,40.0,174,343.936748061,39.8734029639,543,218,False
1215,,341.0,50.0,174,340.9016309,49.9135140722,543,218,False
1216,,342.0,60.0,174,341.888411737,59.9658846023,543,218,False
1217,,348.0,69.0,174,347.865642182,69.0050309915,543,218,False
1218,,356.0,76.0,174,355.909810744,76.0383970349,543,218,False
1219,,367.0,80.0,174,366.910956533,80.0695679059,543,218,False
1220,,378.0,79.0,174,377.964159596,79.11775498,543,218,False
1221,,386.0,73.0,174,386.040023777,73.1374650647,543,218,False
1222,,393.0,63.0,174,393.035308406,63.1270587354,543,218,False
1223,,396.0,53.0,174,396.085481105,53.0509852751,543,218,False
1224,,394.0,42.0,174,394.124502691,42.0370129655,543,218,False
1225,,389.0,34.0,174,389.104346464,33.961148186,543,218,False
1226,,378.0,30.0,174,378.148682332,29.9116545901,543,218,False
1227,,367.0,32.0,174,367.060670235,31.856519541,543,218,False
1228,,358.0,38.0,174,357.987191505,37.8698868089,543,218,False
1229,,353.0,48.0,174,352.922185681,47.8764920933,543,218,False
1230,,352.0,56.0,174,351.896156745,55.9860496232,543,218,False
1231,,354.0,67.0,174,353.904205536,66.9428268287,543,218,False
1232,,358.0,76.0,174,357.925891208,76.0118761334,543,218,False
1233,,366.0,82.0,174,365.899195345,82.0595234928,543,218,False
1234,,375.0,87.0,174,374.941090044,87.042658322,543,218,False
1235,,385.0,90.0,174,384.959185872,90.0525518035,543,218,False
1236,,396.0,90.0,174,395.966049194,90.0748498496,543,218,False
1237,,406.0,88.0,174,406.004285597,88.0662149575,543,218,False
1238,,415.0,85.0,174,415.020244281,85.0443493343,543,218,False
1239,,423.0,80.0,174,423.026274034,80.0531436421,543,218,False
1240,,430.0,72.0,174,430.028525326,72.075068598,543,218,False
1241,,435.0,65.0,174,435.047200931,65.0127874176,543,218,False
1242,,439.0,56.0,174,439.037178857,56.0397117168,543,218,False
1243,,442.0,47.0,174,442.032630764,47.0164734933,543,218,False
1244,,443.0,37.0,174,443.048733055,37.0240562806,543,218,False
1245,,441.0,30.0,174,441.073422652,29.9563145508,543,218,False
1246,,434.0,24.0,174,434.119191816,23.9633617885,543,218,False
1247,,424.0,22.0,174,424.102327945,21.9140249292,543,218,False
1248,,414.0,24.0,174,414.040910164,23.8931496082,543,218,False
1249,,405.0,28.0,174,404.997544123,27.9209227091,543,218,False
1250,,398.0,35.0,174,397.962564788,34.9151392655,543,218,False
1251,,394.0,43.0,174,393.930790678,42.9478842052,543,218,False
1252,,392.0,52.0,174,391.935887657,51.961758914,543,218,False
1253,,393.0,60.0,174,392.920761702,60.002682812,543,218,False
1254,,395.0,68.0,174,394.949981916,68.0018103919,543,218,False
1255,,400.0,75.0,174,399.92686821,75.0185498734,543,218,False
1256,,407.0,82.0,174,406.934462415,82.0077692375,543,218,False
1257,,415.0,85.0,174,414.955904905,85.0742819603,543,218,False
1258,,425.0,85.0,174,424.946951201,85.0846112042,543,218,False
1259,,434.0,81.0,174,433.996312066,81.1056053636,543,218,False
1260,,440.0,74.0,174,440.052904143,74.0964143228,543,218,False
1261,,444.0,65.0,174,444.057988352,65.0743380566,543,218,False
1262,,445.0,56.0,174,445.076953554,56.029544711,543,218,False
1263,,441.0,47.0,174,441.120511728,47.0110997139,543,218,False
1264,,433.0,39.0,174,433.120656411,38.9863049147,543,218,False
1265,,423.0,36.0,174,423.084267687,35.904860636,543,218,False
1266,,412.0,37.0,174,412.051124758,36.8888861564,543,218,False
1267,,403.0,42.0,174,402.98432588,41.8836204294,543,218,False
1268,,396.0,49.0,174,395.956823396,48.9173634016,543,218,False
1269,,393.0,58.0,174,392.910775455,57.9316486192,543,218,False
1270,,393.0,67.0,174,392.909735924,66.9727273638,543,218,False
1271,,395.0,76.0,174,394.927956382,75.9897490733,543,218,False
1272,,400.0,84.0,174,399.917801581,84.0140115346,543,218,False
1273,,407.0,91.0,174,406.931042114,91.0239120036,543,218,False
1274,,416.0,94.0,174,415.936791815,94.0811520777,543,218,False
1275,,426.0,96.0,174,425.956810134,96.0515399895,543,218,False
1276,,435.0,96.0,174,435.000799349,96.0559013957,543,218,False
1277,,444.0,93.0,174,444.001106531,93.0761001727,543,218,False
1278,,453.0,89.0,174,453.000451117,89.0488447344,543,218,False
1279,,460.0,83.0,174,460.035842645,83.0548579585,543,218,False
1280,,466.0,76.0,174,466.032902638,76.0400367522,543,218,False
1281,,470.0,68.0,174,470.048871231,68.0336961372,543,218,False
1282,,473.0,60.0,174,473.03780326,60.0134574903,543,218,False
1283,,475.0,51.0,174,475.032863578,51.0228951347,543,218,False
1284,,475.0,42.0,174,475.048819833,42.0093889845,543,218,False
1285,,474.0,34.0,174,474.03778234,33.9857040365,543,218,False
1286,,471.0,26.0,174,471.050692024,25.9938200755,543,218,False
1287,,466.0,18.0,174,466.056318323,17.997655894,543,218,False
1288,,462.0,14.0,174,462.004945334,13.9277790551,543,218,False
1289,,458.0,14.0,174,458.001075349,13.898322506,543,218,False
1290,,455.0,13.0,174,454.982527726,12.9763619366,543,218,False
1291,,453.0,13.0,174,452.97479617,12.974035755,543,218,False
1292,,452.0,14.0,174,451.971875328,13.9716654949,543,218,False
1293,,450.0,13.0,174,450.006457466,13.024219107,543,218,False
1294,,450.0,13.0,174,449.967544805,12.9928548962,543,218,False
1295,,449.0,13.0,174,449.004071455,12.9965630007,543,218,False
1296,,448.0,13.0,174,448.002291215,12.9986819421,543,218,False
1297,,447.0,13.0,174,447.000890997,12.9995069673,543,218,False
1298,,447.0,12.0,174,446.982497533,12.0176524819,543,218,False
1299,,446.0,13.0,174,446.010459415,12.9717602506,543,218,False
1300,,445.0,12.0,174,445.004711101,12.0234809962,543,218,False
1301,,445.0,11.0,174,444.983958464,11.0103791061,543,218,False
1302,,445.0,11.0,174,444.993169376,10.9861100028,543,218,False
1303,,444.0,11.0,174,444.015249691,10.9939731528,543,218,False
1304,,444.0,11.0,174,443.988699075,10.9977130328,543,218,False
1305,,444.0,12.0,174,443.994975167,11.9813093384,543,218,False
1306,,444.0,11.0,174,443.998088271,11.0278527067,543,218,False
1307,,444.0,11.0,174,443.999285608,10.99421107,543,218,False
1308,,444.0,11.0,174,443.999733646,10.9970685572,543,218,False
1309,,445.0,11.0,174,444.982064394,10.9988703751,543,218,False
1310,,444.0,11.0,174,444.02813422,10.9995771993,543,218,False
1311,,445.0,11.0,174,444.976479671,10.9998423309,543,218,False
1312,,445.0,11.0,174,445.007442562,10.9999412303,543,218,False
1313,,444.0,11.0,174,444.021385965,10.9999780954,543,218,False
1314,,444.0,12.0,174,443.991025229,11.9821555082,543,218,False
1315,,445.0,11.0,174,444.978007702,11.0281681803,543,218,False
1316,,445.0,11.0,174,445.008747094,10.9943286563,543,218,False
1317,,444.0,11.0,174,444.021907359,10.9971123837,543,218,False
1318,,444.0,11.0,174,443.991221244,10.9988867099,543,218,False
1319,,444.0,11.0,174,443.995917168,10.9995832876,543,218,False
1320,,444.0,11.0,174,443.998439462,10.9998446001,543,218,False
1321,,444.0,11.0,174,443.999416507,10.999942076,543,218,False
1322,,445.0,11.0,174,444.981946107,10.9999784106,543,218,False
1323,,444.0,11.0,174,444.028090129,10.9999919533,543,218,False
1324,,445.0,11.0,174,444.976463238,10.9999970009,543,218,False
1325,,444.0,11.0,174,444.025272764,10.9999988822,543,218,False
1326,,445.0,11.0,174,444.975376132,10.9999995834,543,218,False
1327,,445.0,11.0,174,445.007029483,10.9999998447,543,218,False
1328,,444.0,11.0,174,444.02123192,10.9999999421,543,218,False
1329,,444.0,11.0,174,443.99096781,10.9999999784,543,218,False
1330,,444.0,12.0,174,443.995822628,11.9821636644,543,218,False
1331,,445.0,11.0,174,444.980567895,11.0281712202,543,218,False
1332,,445.0,11.0,174,445.009738268,10.9943297893,543,218,False
1333,,445.0,11.0,174,445.004442225,10.997112806,543,218,False
1334,,445.0,11.0,174,445.001694573,10.9988868673,543,218,False
1335,,444.0,11.0,174,444.018469782,10.9995833462,543,218,False
1336,,444.0,11.0,174,443.989901292,10.9998446219,543,218,False
1337,,444.0,11.0,174,443.995423349,10.9999420842,543,218,False
1338,,444.0,11.0,174,443.99825532,10.9999784137,543,218,False
1339,,445.0,11.0,174,444.981511542,10.9999919544,543,218,False
1340,,445.0,11.0,174,445.010091748,10.9999970013,543,218,False
1341,,445.0,11.0,174,445.004574057,10.9999988823,543,218,False
1342,,444.0,11.0,174,444.019580041,10.9999995834,543,218,False
1343,,445.0,11.0,174,444.972480547,10.9999998447,543,218,False
1344,,444.0,11.0,174,444.023749551,10.9999999421,543,218,False
1345,,445.0,11.0,174,444.97480655,10.9999999784,543,218,False
1346,,444.0,11.0,174,444.02465343,10.999999992,543,218,False
1347,,445.0,11.0,174,444.975145207,10.999999997,543,218,False
1348,,445.0,11.0,174,445.00694341,10.9999999989,543,218,False
1349,,457.0,24.0,174,456.78932758,23.7681277408,543,218,False
1350,,458.0,26.0,174,458.107473168,26.0986809878,543,218,False
1351,,458.0,28.0,174,458.066793987,28.0456380551,543,218,False
1352,,457.0,32.0,174,457.044010977,31.9817612548,543,218,False
1353,,454.0,38.0,174,454.052991011,37.9558426526,543,218,False
1354,,441.0,47.0,174,441.199864734,46.9282450548,543,218,False
1355,,423.0,53.0,174,423.17229367,53.0241185795,543,218,False
1356,,402.0,54.0,174,402.122405753,54.1006050441,543,218,False
1357,,380.0,54.0,174,380.066243481,54.0597176474,543,218,False
1358,,358.0,53.0,174,358.02567678,53.0411573797,543,218,False
1359,,336.0,51.0,174,336.009617354,51.034080761,543,218,False
1360,,315.0,46.0,174,314.985750468,46.0671082466,543,218,False
1361,,292.0,38.0,174,292.029508185,38.0811248513,543,218,False
1362,,272.0,30.0,174,271.959155447,30.032921749,543,218,False
1363,,254.0,20.0,174,253.946623016,20.0480715999,543,218,False
1364,,248.0,17.0,174,247.764243804,16.8947759972,543,218,False
1365,,243.0,12.0,174,242.883963637,11.9905611302,543,218,False
1366,,235.0,6.0,174,235.008912544,6.01574342787,543,218,False
1367,,226.0,4.0,174,226.023654343,3.93544426461,543,218,False
1368,,223.0,4.0,174,222.902771384,3.93689630645,543,218,False
1369,,222.0,4.0,174,221.923013958,3.97461188969,543,218,False
1370,,219.0,8.0,174,219.005028804,7.91910273928,543,218,False
1371,,216.0,13.0,174,216.003488114,12.9485935073,543,218,False
1372,,202.0,15.0,174,202.197576906,15.0333318421,543,218,False
1373,,199.0,15.0,174,198.886833186,15.0506079454,543,218,False
1374,,198.0,13.0,174,197.913208683,13.0563623429,543,218,False
1375,,197.0,11.0,174,196.965516619,11.0228016749,543,218,False
1376,,195.0,9.0,174,195.004881675,9.00858441303,543,218,False
1377,,195.0,6.0,174,194.96699549,6.02103997974,543,218,False
1378,,194.0,4.0,174,194.003868535,3.99085935133,543,218,False
1379,,192.0,4.0,174,192.020051998,3.96010778229,543,218,False
1380,,192.0,3.0,174,191.972691622,3.00122187603,543,218,False
1381,,192.0,3.0,174,191.98815725,2.98338908799,543,218,False
1382,,191.0,4.0,174,191.013342698,3.97515582021,543,218,False
1383,,195.0,10.0,174,194.916641137,9.90066591229,543,218,False
1384,,222.0,20.0,174,221.554468208,19.8873208385,543,218,False
1385,,229.0,9.0,174,229.17083587,9.32894511146,543,218,False
1386,,226.0,7.0,174,226.258158443,6.97982742115,543,218,False
1387,,228.0,9.0,174,228.016345085,8.91430352667,543,218,False
1388,,225.0,10.0,174,225.091451299,9.98215472965,543,218,False
1389,,221.0,9.0,174,221.056006503,9.02969597254,543,218,False
1390,,241.0,15.0,174,240.593851662,14.8879532488,543,218,False
1391,,245.0,17.0,174,245.11356831,17.0236920929,543,218,False
1392,,261.0,39.0,174,260.840971737,38.6552361443,543,218,False
1393,,261.0,44.0,174,261.216473015,44.1577975061,543,218,False
1394,,263.0,48.0,174,263.058205974,48.0903506137,543,218,False
1395,,263.0,50.0,174,263.056291283,50.0708569237,543,218,False
1396,,263.0,51.0,174,263.022636268,51.0460251313,543,218,False
1397,,263.0,52.0,174,263.008516115,52.018092982,543,218,False
1398,,263.0,54.0,174,263.003177878,53.9889521263,543,218,False
1399,,263.0,55.0,174,263.001184625,55.0128672062,543,218,False
1400,,263.0,55.0,174,263.000441537,55.0234449476,543,218,False
1401,,263.0,56.0,174,263.000164568,55.9917944204,543,218,False
1402,,262.0,57.0,174,262.017897665,56.9961308041,543,218,False
1403,,262.0,58.0,174,261.989687966,57.998519088,543,218,False
1404,,262.0,58.0,174,261.995343835,58.0172825121,543,218,False
1405,,262.0,59.0,174,261.998225683,58.9894586,543,218,False
1406,,262.0,60.0,174,261.999336824,59.9952583423,543,218,False
1407,,262.0,60.0,174,261.999752735,60.0160301464,543,218,False
1408,,261.0,61.0,174,261.017744164,60.9889900518,543,218,False
1409,,261.0,61.0,174,260.989630753,61.01291995,543,218,False
1410,,261.0,61.0,174,260.995322511,61.005630126,543,218,False
1411,,261.0,61.0,174,260.998217736,61.00213742,543,218,False
1412,,261.0,62.0,174,260.999333862,61.9829621873,543,218,False
1413,,260.0,62.0,174,260.017587959,62.0106326037,543,218,False
1414,,260.0,63.0,174,259.989572529,62.9869393231,543,218,False
1415,,260.0,63.0,174,259.99530081,63.0121537465,543,218,False
1416,,260.0,63.0,174,259.998209647,63.0053444609,543,218,False
1417,,259.0,63.0,174,259.017167174,63.002030944,543,218,False
1418,,260.0,63.0,174,259.971579284,63.0007588294,543,218,False
1419,,259.0,63.0,174,259.023413543,63.0002829166,543,218,False
1420,,259.0,64.0,174,258.992517638,63.982269124,543,218,False
1421,,259.0,64.0,174,258.996435528,64.0103741993,543,218,False
1422,,259.0,64.0,174,258.998634346,64.0046793352,543,218,False
1423,,259.0,64.0,174,258.999489224,64.0017829524,543,218,False
1424,,259.0,64.0,174,258.999809541,64.0006663949,543,218,False
1425,,258.0,65.0,174,258.017765336,64.9824121371,543,218,False
1426,,258.0,64.0,174,257.989638645,64.0282638341,543,218,False
1427,,257.0,65.0,174,257.01316178,64.9765279805,543,218,False
1428,,258.0,64.0,174,257.970047609,64.0252968949,543,218,False
1429,,258.0,64.0,174,258.00500448,63.993221453,543,218,False
1430,,260.0,73.0,174,259.966966322,72.8361709915,543,218,False
1431,,261.0,78.0,174,261.003854078,78.0025645782,543,218,False
1432,,262.0,81.0,174,262.002210111,81.0396733488,543,218,False
1433,,262.0,81.0,174,262.018697092,81.0701486775,543,218,False
1434,,262.0,82.0,174,262.007824024,82.0109585051,543,218,False
1435,,262.0,82.0,174,262.002957066,82.021193956,543,218,False
1436,,262.0,83.0,174,262.001104103,82.9908817641,543,218,False
1437,,262.0,84.0,174,262.00041161,83.9957871173,543,218,False
1438,,262.0,84.0,174,262.000153418,84.0162271495,543,218,False
1439,,262.0,84.0,174,262.000057181,84.0068998016,543,218,False
1440,,262.0,84.0,174,262.000021312,84.0026124198,543,218,False
1441,,262.0,85.0,174,262.000007943,84.9831393118,543,218,False
1442,,262.0,85.0,174,262.000002961,85.0106986247,543,218,False
1443,,262.0,85.0,174,262.000001103,85.004800258,543,218,False
1444,,244.0,72.0,174,244.321054308,72.2337002812,543,218,False
1445,,240.0,68.0,174,239.885317342,67.9376748605,543,218,False
1446,,238.0,66.0,174,237.91036878,65.9339468793,543,218,False
1447,,237.0,66.0,174,236.946512949,65.937659007,543,218,False
1448,,236.0,65.0,174,235.97910362,64.9927956944,543,218,False
1449,,235.0,64.0,174,234.992165613,63.9980820165,543,218,False
1450,,235.0,63.0,174,234.979241476,62.9993218512,543,218,False
1451,,234.0,62.0,174,234.009245643,61.9997490005,543,218,False
1452,,234.0,62.0,174,233.986422372,61.9820702051,543,218,False
1453,,234.0,62.0,174,233.994124743,61.9924637354,543,218,False
1454,,233.0,61.0,174,233.015607543,61.0149865992,543,218,False
1455,,234.0,62.0,174,233.970996209,61.9707646846,543,218,False
1456,,234.0,62.0,174,234.005359809,62.0052735125,543,218,False
1457,,233.0,62.0,174,233.020607826,62.0027393341,543,218,False
1458,,233.0,61.0,174,232.990735115,61.0188943504,543,218,False
1459,,233.0,61.0,174,232.995735896,60.9900612178,543,218,False
1460,,232.0,60.0,174,232.016208223,60.0133193639,543,218,False
1461,,232.0,60.0,174,231.989056428,59.9879426744,543,218,False
1462,,232.0,60.0,174,231.995108362,59.9946914768,543,218,False
1463,,232.0,59.0,174,231.998137915,59.0158187781,543,218,False
1464,,232.0,59.0,174,231.999304111,58.9889112673,543,218,False
1465,,232.0,59.0,174,231.999740542,58.995054258,543,218,False
1466,,232.0,58.0,174,231.999903292,58.015954077,543,218,False
1467,,231.0,59.0,174,231.017800283,58.9711253717,543,218,False
1468,,231.0,58.0,174,230.98965167,58.0232442782,543,218,False
1469,,231.0,58.0,174,230.995330307,57.9924545458,543,218,False
1470,,231.0,57.0,174,230.998220641,57.0142483401,543,218,False
1471,,230.0,58.0,174,230.017171272,57.9704543585,543,218,False
1472,,230.0,57.0,174,229.989417139,57.022992494,543,218,False
1473,,230.0,57.0,174,229.995242889,56.9923606212,543,218,False
1474,,230.0,57.0,174,229.998188059,56.9963770015,543,218,False
1475,,230.0,57.0,174,229.999322801,56.9986125324,543,218,False
1476,,230.0,57.0,174,229.999747508,56.9994810932,543,218,False
1477,,229.0,56.0,174,229.017742216,56.0176428381,543,218,False
1478,,229.0,56.0,174,228.989630027,55.9895929838,543,218,False
1479,,229.0,56.0,174,228.99532224,55.9953084333,543,218,False
1480,,229.0,56.0,174,228.998217635,55.9982124887,543,218,False
1481,,229.0,55.0,174,228.999333824,55.0171682335,543,218,False
1482,,229.0,55.0,174,228.999751617,54.9894160064,543,218,False
1483,,228.0,54.0,174,228.017743747,54.0130787946,543,218,False
1484,,228.0,54.0,174,227.989630598,53.9878530063,543,218,False
1485,,228.0,54.0,174,227.995322453,53.9946580559,543,218,False
1486,,228.0,53.0,174,227.998217714,53.0158063216,543,218,False
1487,,228.0,53.0,174,227.999333853,52.9889066246,543,218,False
1488,,228.0,53.0,174,227.999751628,52.9950525276,543,218,False
1489,,228.0,53.0,174,227.999907424,52.9981171045,543,218,False
1490,,227.0,52.0,174,227.017801823,52.0171326822,543,218,False
1491,,227.0,52.0,174,226.989652244,51.9894027559,543,218,False
1492,,227.0,51.0,174,226.995330521,51.0130738559,543,218,False
1493,,226.0,50.0,174,226.016057049,50.0056874931,543,218,False
1494,,226.0,50.0,174,225.989000079,49.9843224743,543,218,False
1495,,226.0,50.0,174,225.99508736,49.9933050523,543,218,False
1496,,226.0,50.0,174,225.998130087,49.9974639324,543,218,False
1497,,226.0,49.0,174,225.999301193,49.0168891459,543,218,False
1498,,225.0,49.0,174,225.017575783,48.9893119819,543,218,False
1499,,225.0,48.0,174,224.989567991,48.0130400229,543,218,False
1500,,225.0,48.0,174,224.995299118,47.9878385554,543,218,False
1501,,225.0,48.0,174,224.998209017,47.9946526699,543,218,False
1502,,225.0,47.0,174,224.999330612,47.0158043142,543,218,False
1503,,224.0,47.0,174,224.017586747,46.9889058764,543,218,False
1504,,225.0,46.0,174,224.97173575,46.0128885763,543,218,False
1505,,224.0,46.0,174,224.023471864,45.9877821049,543,218,False
1506,,224.0,45.0,174,223.992539375,45.0124679573,543,218,False
1507,,241.0,47.0,174,240.693226061,46.9519525938,543,218,False
1508,,274.0,43.0,174,273.585731781,43.0865882647,543,218,False
1509,,275.0,38.0,174,275.40200524,38.0551097806,543,218,False
1510,,262.0,51.0,174,262.426169127,50.7005792307,543,218,False
1511,,250.0,44.0,174,250.154227508,44.2298160741,543,218,False
1512,,232.0,42.0,174,232.164280203,42.0128127741,543,218,False
1513,,219.0,41.0,174,218.977158905,40.9834532715,543,218,False
1514,,215.0,42.0,174,214.826936607,41.9571397473,543,218,False
1515,,212.0,43.0,174,211.909785728,42.9822693779,543,218,False
1516,,210.0,43.0,174,209.947309033,43.0111438218,543,218,False
1517,,207.0,43.0,174,206.997285156,43.0050030111,543,218,False
1518,,206.0,44.0,174,205.964125375,43.9840690261,543,218,False
1519,,204.0,45.0,174,204.002796944,44.9932106681,543,218,False
1520,,204.0,45.0,174,203.966143528,45.0152650854,543,218,False
1521,,203.0,45.0,174,203.00354741,45.0065411403,543,218,False
1522,,202.0,45.0,174,202.002095811,45.0024787371,543,218,False
1523,,201.0,45.0,174,201.000818163,45.0009258136,543,218,False
1524,,200.0,46.0,174,200.000306714,45.9825088307,543,218,False
1525,,200.0,46.0,174,199.982278074,46.0104635459,543,218,False
1526,,199.0,46.0,174,199.010377539,46.0047126362,543,218,False
1527,,199.0,47.0,174,198.986844252,46.9839590366,543,218,False
1528,,198.0,46.0,174,198.012118312,46.0288422442,543,218,False
1529,,197.0,47.0,174,197.005331254,46.9767436517,543,218,False
1530,,197.0,47.0,174,196.984189694,47.0075409555,543,218,False
1531,,197.0,47.0,174,196.993255563,47.0035863107,543,218,False
1532,,196.0,47.0,174,196.015281815,47.0013737933,543,218,False
1533,,196.0,48.0,174,195.988711048,47.9826774826,543,218,False
1534,,195.0,48.0,174,195.012815957,48.0105264856,543,218,False
1535,,195.0,48.0,174,194.987755038,48.0047360987,543,218,False
1536,,194.0,48.0,174,194.012457869,48.0018041092,543,218,False
1537,,194.0,48.0,174,193.987621489,48.0006742804,543,218,False
1538,,194.0,49.0,174,193.994571762,48.9824150761,543,218,False
1539,,193.0,49.0,174,193.015774158,49.0104286019,543,218,False
1540,,192.0,49.0,174,192.006730964,49.0046996121,543,218,False
1541,,192.0,49.0,174,191.984713164,49.0017905099,543,218,False
1542,,192.0,49.0,174,191.993450753,49.0006692117,543,218,False
1543,,192.0,49.0,174,191.997518241,49.0002495145,543,218,False
1544,,191.0,50.0,174,191.016909388,49.9822566746,543,218,False
1545,,191.0,50.0,174,190.989319526,50.0103695592,543,218,False
1546,,191.0,50.0,174,190.995206507,50.0046776057,543,218,False
1547,,191.0,50.0,174,190.998174499,50.0017823078,543,218,False
1548,,190.0,51.0,174,190.017154074,50.9828298271,543,218,False
1549,,189.0,51.0,174,189.007247057,51.0105832707,543,218,False
1550,,189.0,51.0,174,188.984905604,51.0047572636,543,218,False
1551,,188.0,51.0,174,188.01135881,51.0018119977,543,218,False
1552,,188.0,51.0,174,187.987210081,51.0006772205,543,218,False
1553,,188.0,51.0,174,187.994418339,51.0002524995,543,218,False
1554,,188.0,51.0,174,187.997880643,51.0000941147,543,218,False
1555,,188.0,51.0,174,187.999208218,51.0000350782,543,218,False
1556,,187.0,51.0,174,187.017541129,51.0000130742,543,218,False
1557,,187.0,52.0,174,186.989555075,51.9821685454,543,218,False
1558,,187.0,52.0,174,186.995294304,52.0103367118,543,218,False
1559,,187.0,52.0,174,186.998207223,52.004665363,543,218,False
1560,,186.0,52.0,174,186.017166271,52.0017777448,543,218,False
1561,,186.0,52.0,174,185.989415275,52.0006644539,543,218,False
1562,,186.0,52.0,174,185.995242194,52.0002477412,543,218,False
1563,,186.0,52.0,174,185.9981878,52.0000923412,543,218,False
1564,,185.0,53.0,174,185.017159032,52.9821980896,543,218,False
1565,,185.0,53.0,174,184.989412577,53.0103477234,543,218,False
1566,,185.0,53.0,174,184.995241189,53.0046694672,543,218,False
1567,,185.0,53.0,174,184.998187425,53.0017792744,543,218,False
1568,,185.0,53.0,174,184.999322564,53.0006650241,543,218,False
1569,,184.0,53.0,174,184.017583748,53.0002479537,543,218,False
1570,,184.0,53.0,174,183.98957096,53.0000924204,543,218,False
1571,,184.0,53.0,174,183.995300225,53.0000344467,543,218,False
1572,,162.0,18.0,174,162.390608636,18.6242843048,543,218,False
1573,,166.0,18.0,174,165.700617751,17.6382834384,543,218,False
1574,,169.0,19.0,174,168.884957983,18.818901443,543,218,False
1575,,147.0,22.0,174,147.402864799,21.8946143418,543,218,False
1576,,144.0,23.0,174,143.832594725,22.9945806968,543,218,False
1577,,142.0,22.0,174,141.904572335,22.0352731496,543,218,False
1578,,142.0,22.0,174,141.927179186,21.9970951766,543,218,False
1579,,141.0,22.0,174,140.988912126,21.9981491737,543,218,False
1580,,141.0,22.0,174,140.978799296,21.9992734086,543,218,False
1581,,141.0,22.0,174,140.991281378,21.9997274291,543,218,False
1582,,140.0,22.0,174,140.014547676,21.9998983245,543,218,False
1583,,140.0,22.0,174,139.988437503,21.9999620999,543,218,False
1584,,140.0,22.0,174,139.994877678,21.9999858739,543,218,False
1585,,154.0,39.0,174,153.748343349,38.6967771658,543,218,False
1586,,157.0,44.0,174,157.090451621,44.0865096253,543,218,False
1587,,158.0,46.0,174,158.078202563,46.0953007549,543,218,False
1588,,158.0,47.0,174,158.049112688,47.0563739931,543,218,False
1589,,158.0,48.0,174,158.019260498,48.0220094191,543,218,False
1590,,159.0,48.0,174,158.989388078,48.0260873334,543,218,False
1591,,163.0,70.0,174,162.94168442,69.6181797867,543,218,False
1592,,165.0,74.0,174,165.011336124,74.1600063031,543,218,False
1593,,165.0,76.0,174,165.04148043,76.1097768454,543,218,False
1594,,166.0,78.0,174,165.99940692,78.0433149703,543,218,False
1595,,166.0,79.0,174,166.016847037,79.0340953075,543,218,False
1596,,166.0,80.0,174,166.007095944,80.0135668982,543,218,False
1597,,166.0,81.0,174,166.002683855,81.0050977011,543,218,False
1598,,166.0,82.0,174,166.001002184,82.0019019587,543,218,False
1599,,166.0,82.0,174,166.000373619,82.0185453109,543,218,False
1600,,167.0,82.0,174,166.98230293,82.0077656854,543,218,False
1601,,167.0,83.0,174,167.010386799,82.9850989098,543,218,False
1602,,167.0,83.0,174,167.004684031,83.0114308584,543,218,False
1603,,166.0,83.0,174,166.01962103,83.0050732618,543,218,False
1604,,167.0,83.0,174,166.972495824,83.0019297793,543,218,False
1605,,167.0,83.0,174,167.005918917,83.0007211198,543,218,False
1606,,166.0,83.0,174,166.020816223,83.0002688615,543,218,False
1607,,167.0,84.0,174,166.972976461,83.9822638855,543,218,False
1608,,167.0,83.0,174,167.006099741,83.0282085744,543,218,False
1609,,167.0,84.0,174,167.003047371,83.9765073842,543,218,False
1610,,166.0,84.0,174,166.019009165,84.0074528907,543,218,False
1611,,166.0,84.0,174,165.990104011,84.0035534874,543,218,False
1612,,166.0,84.0,174,165.995498986,84.0013615595,543,218,False
1613,,166.0,84.0,174,165.998283515,84.0005092505,543,218,False
1614,,166.0,84.0,174,165.999358379,84.0001898905,543,218,False
1615,,166.0,85.0,174,165.999760769,84.9822344516,543,218,False
1616,,166.0,84.0,174,165.999910831,84.0281976039,543,218,False
1617,,166.0,84.0,174,165.999966765,83.994339623,543,218,False
1618,,166.0,84.0,174,165.999987613,83.9971164711,543,218,False
1619,,166.0,85.0,174,165.999995383,84.9810519057,543,218,False
1620,,165.0,85.0,174,165.017834607,85.009918751,543,218,False
1621,,165.0,84.0,174,164.989664463,84.0223458254,543,218,False
1622,,165.0,84.0,174,164.995335075,83.9913847517,543,218,False
1623,,165.0,85.0,174,164.998222418,84.9781417863,543,218,False
1624,,165.0,85.0,174,164.999335607,85.0087970736,543,218,False
1625,,165.0,85.0,174,164.999752281,85.0040896593,543,218,False
1626,,165.0,85.0,174,164.999907667,85.0015630823,543,218,False
1627,,165.0,85.0,174,164.999965586,85.0005844417,543,218,False
1628,,164.0,84.0,174,164.017823501,84.0180542468,543,218,False
1629,,164.0,85.0,174,163.989660324,84.9719100029,543,218,False
1630,,164.0,84.0,174,163.995333532,84.0235368116,543,218,False
1631,,164.0,85.0,174,163.998221843,84.9747272542,543,218,False
1632,,164.0,85.0,174,163.999335393,85.0067875477,543,218,False
1633,,164.0,85.0,174,163.999752202,85.0033054148,543,218,False
1634,,164.0,84.0,174,163.999907637,84.0191054224,543,218,False
1635,,164.0,85.0,174,163.999965575,84.9723035641,543,218,False
1636,,164.0,85.0,174,163.999987169,85.005847255,543,218,False
1637,,164.0,84.0,174,163.999995218,84.0207895129,543,218,False
1638,,164.0,84.0,174,163.999998218,83.9908028332,543,218,False
1639,,164.0,84.0,174,163.999999336,83.995761135,543,218,False
1640,,163.0,84.0,174,163.01783608,83.9983813024,543,218,False
1641,,163.0,84.0,174,162.989665012,83.9993948294,543,218,False
1642,,163.0,84.0,174,162.99533528,83.9997743548,543,218,False
1643,,163.0,84.0,174,162.998222495,83.9999158943,543,218,False
1644,,163.0,84.0,174,162.999335635,83.9999686523,543,218,False
1645,,163.0,84.0,174,162.999752292,83.9999883162,543,218,False
1646,,163.0,84.0,174,162.999907671,83.9999956453,543,218,False
1647,,162.0,84.0,174,162.017801915,83.9999983769,543,218,False
1648,,163.0,83.0,174,162.971815951,83.0178357227,543,218,False
1649,,162.0,83.0,174,162.023501757,82.9896648789,543,218,False
1650,,162.0,84.0,174,161.992550516,83.9774989023,543,218,False
1651,,162.0,84.0,174,161.996447782,84.0085573719,543,218,False
1652,,162.0,84.0,174,161.998638914,84.0040003145,543,218,False
1653,,161.0,84.0,174,161.017327253,84.0015297819,543,218,False
1654,,161.0,84.0,174,160.98947528,84.0005720301,543,218,False
1655,,161.0,84.0,174,160.995264559,84.0002132933,543,218,False
1656,,161.0,84.0,174,160.998196136,84.0000795019,543,218,False
1657,,160.0,84.0,174,160.017162139,84.0000296318,543,218,False
1658,,161.0,83.0,174,160.971577407,83.0178473718,543,218,False
1659,,160.0,83.0,174,160.023412844,82.9896692207,543,218,False
1660,,160.0,83.0,174,159.992517377,82.9953368481,543,218,False
1661,,160.0,83.0,174,159.996435431,82.9982230794,543,218,False
1662,,159.0,84.0,174,159.016470638,83.9814995256,543,218,False
1663,,159.0,83.0,174,158.989154314,83.0279235965,543,218,False
1664,,159.0,83.0,174,158.99514485,82.9942374919,543,218,False
1665,,159.0,83.0,174,158.998151515,82.9970784051,543,218,False
1666,,158.0,83.0,174,158.017145507,82.9988740455,543,218,False
1667,,158.0,83.0,174,157.989407536,82.9995785674,543,218,False
1668,,158.0,83.0,174,157.99523931,82.9998428408,543,218,False
1669,,158.0,83.0,174,157.998186725,82.9999414203,543,218,False
1670,,158.0,83.0,174,157.999322303,82.9999781663,543,218,False
1671,,158.0,83.0,174,157.999747323,82.9999918622,543,218,False
1672,,158.0,83.0,174,157.999905819,82.9999969669,543,218,False
1673,,158.0,82.0,174,157.999964897,82.0178351971,543,218,False
1674,,157.0,83.0,174,157.017823244,82.9718283554,543,218,False
1675,,157.0,82.0,174,156.989660228,82.0235063801,543,218,False
1676,,157.0,82.0,174,156.995333496,81.9925522395,543,218,False
1677,,156.0,83.0,174,156.016058158,82.9786120971,543,218,False
1678,,156.0,83.0,174,155.989000492,83.0089740487,543,218,False
1679,,156.0,82.0,174,155.995087514,82.0219920288,543,218,False
1680,,156.0,82.0,174,155.998130144,81.9912528053,543,218,False
1681,,156.0,81.0,174,155.999301215,81.0137652591,543,218,False
1682,,155.0,82.0,174,155.017575791,81.9702726236,543,218,False
1683,,156.0,82.0,174,155.971731666,82.0050883504,543,218,False
1684,,156.0,81.0,174,156.005634015,81.0205065646,543,218,False
1685,,155.0,81.0,174,155.020710031,80.9906973696,543,218,False
1686,,155.0,82.0,174,154.990773209,81.9778854993,543,218,False
1687,,155.0,81.0,174,154.995750094,81.0265378749,543,218,False
1688,,155.0,81.0,174,154.998377187,80.9937191593,543,218,False
1689,,155.0,81.0,174,154.999393296,80.9968851259,543,218,False
1690,,154.0,81.0,174,154.017610111,80.9988020032,543,218,False
1691,,154.0,81.0,174,153.989580786,80.9995517159,543,218,False
1692,,154.0,81.0,174,153.995303887,80.9998328328,543,218,False
1693,,154.0,82.0,174,153.998210794,81.9821013626,543,218,False
1694,,154.0,81.0,174,153.999331274,81.0281479992,543,218,False
1695,,153.0,81.0,174,153.017586994,80.9943211345,543,218,False
1696,,153.0,81.0,174,152.98957217,80.9971095802,543,218,False
1697,,153.0,81.0,174,152.995300676,80.998885665,543,218,False
1698,,152.0,81.0,174,152.016045925,80.9995828981,543,218,False
1699,,152.0,81.0,174,151.988995933,80.9998444549,543,218,False
1700,,152.0,81.0,174,151.995085814,80.9999420219,543,218,False
1701,,152.0,81.0,174,151.998129511,80.9999783905,543,218,False
1702,,152.0,81.0,174,151.999300979,80.9999919458,543,218,False
1703,,152.0,81.0,174,151.999739375,80.9999969981,543,218,False
1704,,151.0,81.0,174,151.017739184,80.9999988811,543,218,False
1705,,151.0,80.0,174,150.989628897,80.0178359106,543,218,False
1706,,151.0,80.0,174,150.995321819,79.9896649489,543,218,False
1707,,151.0,81.0,174,150.998217478,80.9774989284,543,218,False
1708,,150.0,80.0,174,150.017170093,80.0263937092,543,218,False
1709,,150.0,80.0,174,149.989416699,79.9936654225,543,218,False
1710,,150.0,80.0,174,149.995242725,79.9968650972,543,218,False
1711,,150.0,80.0,174,149.998187998,79.9987945382,543,218,False
1712,,150.0,80.0,174,149.999322778,79.9995489336,543,218,False
1713,,150.0,80.0,174,149.9997475,79.9998317958,543,218,False
1714,,150.0,79.0,174,149.999905885,79.0177736313,543,218,False
1715,,149.0,80.0,174,149.017801249,79.9718054087,543,218,False
1716,,150.0,79.0,174,149.971815703,79.0234978275,543,218,False
1717,,150.0,79.0,174,150.005665337,78.9925490518,543,218,False
1718,,149.0,79.0,174,149.020721705,78.9964472366,543,218,False
1719,,149.0,79.0,174,148.99077756,78.9986387103,543,218,False
1720,,149.0,80.0,174,148.995751715,79.9816545225,543,218,False
1721,,149.0,79.0,174,148.998377792,79.0279813702,543,218,False
1722,,149.0,79.0,174,148.999393521,78.9942590253,543,218,False
1723,,148.0,79.0,174,148.017610195,78.9970864309,543,218,False
1724,,149.0,78.0,174,148.971744489,78.0167133645,543,218,False
1725,,148.0,79.0,174,148.023475122,78.9714084591,543,218,False
1726,,148.0,78.0,174,147.992540589,78.0233497935,543,218,False
1727,,148.0,76.0,174,147.996444082,76.0281665284,543,218,False
1728,,149.0,71.0,174,148.980801207,71.0649385172,543,218,False
1729,,150.0,67.0,174,149.99198898,67.0089725051,543,218,False
1730,,152.0,62.0,174,151.97913691,62.0204516333,543,218,False
1731,,153.0,58.0,174,153.009204816,57.9906049881,543,218,False
1732,,155.0,52.0,174,154.986407067,52.031356609,543,218,False
1733,,157.0,47.0,174,156.994119034,46.9955189074,543,218,False
1734,,159.0,43.0,174,158.997769088,42.9797197706,543,218,False
1735,,161.0,40.0,174,160.999166639,39.9737143338,543,218,False
1736,,161.0,40.0,174,161.03536196,39.9357977681,543,218,False
1737,,161.0,39.0,174,161.014887059,38.991303607,543,218,False
1738,,161.0,39.0,174,161.005630329,38.9796513587,543,218,False
1739,,161.0,39.0,174,161.00210242,38.9915970749,543,218,False
1740,,161.0,39.0,174,161.000783791,38.9968289232,543,218,False
1741,,161.0,39.0,174,161.00029214,38.9988162162,543,218,False
1742,,161.0,40.0,174,161.000108885,39.9817223683,543,218,False
1743,,161.0,40.0,174,161.000040583,40.0101704105,543,218,False
1744,,161.0,40.0,174,161.000015126,40.0046033798,543,218,False
1745,,161.0,40.0,174,161.000005638,40.0017546426,543,218,False
1746,,161.0,41.0,174,161.000002101,40.9828195158,543,218,False
1747,,161.0,41.0,174,161.000000783,41.0105794276,543,218,False
1748,,160.0,41.0,174,160.017836619,41.0047558312,543,218,False
1749,,162.0,41.0,174,161.953992558,41.0018114638,543,218,False
1750,,162.0,42.0,174,162.016005146,41.982840694,543,218,False
1751,,159.0,40.0,174,159.061060878,40.0462599762,543,218,False
1752,,159.0,40.0,174,158.971885944,39.9840889819,543,218,False
1753,,159.0,40.0,174,158.987086957,39.9924831882,543,218,False
1754,,159.0,41.0,174,158.995070608,40.9792861178,543,218,False
1755,,158.0,41.0,174,158.015993492,41.0092587535,543,218,False
1756,,158.0,41.0,174,157.988977985,41.0042634176,543,218,False
1757,,158.0,43.0,174,157.995079201,42.96595527,543,218,False
1758,,158.0,43.0,174,157.99812705,43.0212784047,543,218,False
1759,,158.0,43.0,174,157.999300061,43.0095563008,543,218,False
1760,,158.0,43.0,174,157.999739033,43.0036395689,543,218,False
1761,,158.0,45.0,174,157.999902729,44.9656875906,543,218,False
1762,,158.0,45.0,174,157.999963746,45.0211769539,543,218,False
1763,,158.0,45.0,174,157.999986487,45.009518408,543,218,False
1764,,158.0,45.0,174,157.999994964,45.0036254419,543,218,False
1765,,158.0,46.0,174,157.999998123,45.9835186526,543,218,False
1766,,158.0,45.0,174,157.9999993,45.0286764233,543,218,False
1767,,158.0,46.0,174,157.999999739,45.9766817672,543,218,False
1768,,158.0,47.0,174,157.999999903,46.9896815587,543,218,False
1769,,158.0,47.0,174,157.999999964,47.0139126079,543,218,False
1770,,157.0,48.0,174,157.017836314,47.988198947,543,218,False
1771,,157.0,48.0,174,156.989665099,48.0126250038,543,218,False
1772,,157.0,48.0,174,156.995335312,48.0055201907,543,218,False
1773,,157.0,48.0,174,156.998222507,48.0020964453,543,218,False
1774,,157.0,48.0,174,156.99933564,48.000783243,543,218,False
1775,,157.0,48.0,174,156.999752294,48.0002920159,543,218,False
1776,,157.0,49.0,174,156.999907672,48.9822725155,543,218,False
1777,,157.0,49.0,174,156.999965588,49.0103754633,543,218,False
1778,,157.0,49.0,174,156.999987174,49.0046798063,543,218,False
1779,,157.0,49.0,174,156.99999522,49.001783128,543,218,False
1780,,157.0,50.0,174,156.999998218,49.9828301327,543,218,False
1781,,157.0,50.0,174,156.999999336,50.0105833847,543,218,False
1782,,156.0,50.0,174,156.01783608,50.004757306,543,218,False
1783,,157.0,50.0,174,156.971828685,50.0018120135,543,218,False
1784,,156.0,51.0,174,156.023506503,50.9828408988,543,218,False
1785,,156.0,51.0,174,155.992552285,51.0105873974,543,218,False
1786,,156.0,51.0,174,155.996448442,51.0047588016,543,218,False
1787,,156.0,51.0,174,155.998639159,51.001812571,543,218,False
1788,,156.0,51.0,174,155.999491017,51.0006774342,543,218,False
1789,,156.0,51.0,174,155.999810209,51.0002525792,543,218,False
1790,,156.0,51.0,174,155.999929258,51.0000941444,543,218,False
1791,,156.0,52.0,174,155.999973633,51.9821987617,543,218,False
1792,,156.0,52.0,174,155.999990173,52.0103479739,543,218,False
1793,,155.0,52.0,174,155.017832665,52.0046695606,543,218,False
1794,,155.0,52.0,174,154.989663739,52.0017793092,543,218,False
1795,,155.0,53.0,174,154.995334805,52.9828287094,543,218,False
1796,,154.0,53.0,174,154.016058646,53.0105828542,543,218,False
1797,,155.0,53.0,174,154.971164346,53.0047571083,543,218,False
1798,,154.0,53.0,174,154.023258805,53.0018119398,543,218,False
1799,,154.0,53.0,174,153.99245996,53.000677199,543,218,False
1800,,154.0,53.0,174,153.99641403,53.0002524915,543,218,False
